28
40 26 29 7 20 29 46 43 1 27 32 18 5 18 49 39 13 36 11 9 23 17 35 37 27 48 9 28
41
50 50 46 47 50 46 45 45 45 45 50 48 47 50 46 49 45 46 50 50 46 50 47 49 46 49 48 49 48 47 49 46 47 45 50 50 49 50 49 50 46
10
47 17 47 10 15 43 36 33 30 26
9
49 28 41 47 22 35 21 25 22
5
1 2 3 5 4
46
1 40 39 18 16 9 24 12 46 34 2 41 42 40 36 40 18 11 7 37 33 10 41 32 24 2 18 39 20 11 12 30 41 6 3 17 9 11 37 2 5 29 1 19 17 19
26
16 12 2 8 50 30 1 15 43 27 32 4 20 49 46 44 30 35 3 15 24 43 36 1 36 47
44
49 50 49 46 45 46 48 49 48 50 47 48 50 47 49 49 48 47 47 46 49 45 46 47 49 46 46 45 47 48 45 45 47 50 45 47 45 47 47 47 50 46 46 47
30
4 4 4 4 47 4 4 4 4 4 4 4 4 32 4 4 4 4 2 4 4 4 2 32 49 4 32 4 4 4
34
28 27 18 15 16 49 12 38 44 22 3 48 13 37 9 15 36 26 18 48 49 26 36 11 39 7 4 14 23 26 30 20 22 37
25
25 1 11 9 25 33 13 27 1 29 8 21 34 32 23 50 22 41 35 16 13 34 21 50 31
7
27 2 37 10 12 37 47
49
29 5 16 39 19 40 1 2 34 12 36 14 25 46 37 10 24 35 21 8 18 45 44 11 9 15 49 23 22 43 47 32 20 28 4 7 3 31 6 17 26 27 13 38 30 41 48 42 33
16
19 23 33 33 38 36 39 37 21 43 16 44 21 48 36 6
49
12 12 12 24 12 12 6 49 12 12 12 12 12 12 12 12 36 43 12 12 43 12 12 12 12 43 12 12 12 12 12 12 12 12 12 12 12 12 12 6 49 12 12 12 12 24 49 12 12
48
31 16 3 45 35 12 25 36 8 39 8 19 25 14 2 46 16 39 3 19 14 29 41 4 8 30 9 50 27 46 13 43 38 1 15 17 46 10 43 26 19 29 37 44 39 16 33 31
32
13 24 28 29 23 10 26 41 47 32 2 34 2 25 37 23 47 12 40 2 16 17 8 15 15 8 2 20 25 38 35 47
4
8 3 2 5
18
2 32 8 1 32 2 1 16 4 16 8 4 16 2 8 4 1 32
9
3 3 1 4 3 3 4 3 3
36
50 7 38 5 9 27 34 35 13 35 3 7 1 27 45 29 6 44 18 46 41 2 27 38 30 31 7 26 33 47 41 44 8 30 12 30
29
42 41 27 36 7 27 12 23 15 47 44 27 2 7 46 33 33 3 11 38 12 30 7 29 43 21 26 21 39
3
26 48 2
28
18 14 47 37 21 9 47 44 25 49 29 14 22 11 28 23 50 7 4 33 4 20 41 16 5 13 36 33
7
36 11 23 33 14 9 1
16
37 1 17 8 46 47 38 6 37 18 31 21 5 38 48 38
22
15 20 1 13 14 23 5 35 3 46 14 35 50 21 6 36 27 4 5 7 37 5
13
27 26 21 33 30 35 4 16 28 24 37 18 30
36
30 9 34 24 34 29 5 16 1 10 11 20 4 9 31 12 34 34 18 19 44 8 9 5 42 33 37 13 45 38 28 47 1 28 11 19
15
23 5 26 29 35 31 18 42 33 11 31 30 41 45 16
19
2 34 4 46 15 18 20 37 32 26 32 3 5 12 31 13 42 31 42
50
2 32 2 2 2 2 2 2 2 2 32 2 2 2 2 2 2 2 49 2 2 2 2 2 2 2 2 2 34 2 2 2 2 2 2 2 2 2 2 2 2 2 10 2 2 2 49 2 2 2
9
38 9 47 48 8 11 44 16 39
39
37 6 33 12 20 34 3 41 8 10 35 22 27 12 46 2 40 9 3 47 11 50 14 32 19 18 5 44 28 6 16 7 39 14 2 37 46 46 36
28
32 36 41 19 45 15 30 20 30 29 42 42 46 27 45 36 5 43 5 39 9 49 36 16 39 2 20 19
21
47 12 45 19 20 13 18 33 22 20 42 6 17 32 40 47 50 26 40 20 14
49
6 25 26 37 10 39 16 39 21 33 34 27 27 22 22 17 11 26 8 21 24 17 8 40 6 41 48 24 14 34 41 29 40 31 14 8 43 40 48 28 37 2 16 47 7 12 27 43 34
50
1 1 1 1 1 1 1 2 1 1 1 1 1 1 1 50 1 1 1 1 1 1 1 1 1 1 1 1 1 1 1 2 50 1 1 1 1 1 1 1 1 1 1 1 1 1 1 1 1 1
7
41 5 26 17 37 24 16
20
47 25 23 32 13 27 1 11 34 37 28 35 12 32 29 21 5 36 16 33
22
20 31 2 15 29 32 29 26 32 4 41 11 20 41 1 5 5 31 38 8 42 1
37
35 46 13 3 48 25 16 11 19 13 49 13 40 2 36 50 42 6 23 12 6 28 7 25 9 42 11 30 21 27 36 39 26 28 13 7 7
49
1 1 1 1 1 2 1 1 1 1 1 1 2 1 50 1 1 1 1 1 1 1 1 1 1 1 1 1 2 2 1 50 1 2 1 1 1 1 1 1 1 1 1 1 2 1 1 2 1
3
2 27 50
0
