2.000000000000 3.000000000000
2.000000000000 3.071428571429
2.000000000000 3.666666666667
2.155555555556 1.555555555556
5.731981981982 5.355855855856
3.006849315068 3.376712328767
4.532467532468 3.670995670996
2.540983606557 2.606557377049
3.741935483871 1.451612903226
4.646525679758 5.181268882175
1.383720930233 4.906976744186
2.027777777778 4.951388888889
1.680000000000 1.680000000000
33.007624908033 26.638218179386
20.795580110497 1.511049723757
17.879841028243 37.908506680196
36.404422253923 2.473609129815
47.204807000719 39.946835291297
20.912673288942 24.693592402576
27.389935956084 33.858371454712
38.976585914086 23.367632367632
49.549767441860 3.017209302326
19.009825259623 47.329146197376
50.432939311893 50.390697572035
50.545499361373 50.326640822820
50.603468912537 50.421623033231
50.548288467930 50.558236401905
50.444422092581 50.567066765015
50.615058792385 50.854839065499
50.744645543853 50.464421630233
50.517708633652 50.342817857222
50.326638004389 50.376416319584
50.428318152605 50.209959444186
2.217391304348 36.565217391304
6.609756097561 57.609756097561
17.190476190476 20.904761904762
48.333333333333 57.500000000000
5.900000000000 5.600000000000
6.740740740741 33.703703703704
5.307692307692 24.192307692308
36.368421052632 17.052631578947
25.310344827586 39.482758620690
1.521739130435 13.739130434783
9.200000000000 64.400000000000
58.789473684211 38.684210526316
66.000000000000 60.571428571429
52.850000000000 57.350000000000
57.565217391304 45.913043478261
59.300000000000 57.800000000000
21.222222222222 40.111111111111
