2.000000000000 3.000000000000
2.000000000000 3.071428571429
2.000000000000 3.666666666667
1.468750000000 4.046875000000
3.949275362319 2.318840579710
5.216216216216 2.432432432432
2.010204081633 4.142857142857
4.724233983287 5.295264623955
2.453038674033 5.668508287293
5.312169312169 4.849206349206
5.744047619048 2.589285714286
4.382978723404 1.000000000000
1.000000000000 5.318181818182
9.912518301611 34.005856515373
37.212036812788 13.139258900460
4.517541136293 45.120769947221
31.845898556336 31.762708114387
12.561203741358 23.208824725498
8.426743778479 40.224851033999
10.551318370015 24.880148180431
21.594277673546 39.837644063254
12.543516560958 27.029598308668
11.442877140088 48.864864864865
50.820453841730 50.430972707568
50.386090018708 50.645229448663
50.695316337009 50.715765504309
50.527686134641 50.053990191708
50.720473833098 50.513260254597
50.625421398155 50.593993967353
50.580104016820 50.512625871418
50.531449204297 50.308875317612
50.371355750313 50.579502772313
50.571313762697 50.810894072999
5.264705882353 19.676470588235
2.680000000000 46.040000000000
12.484848484848 11.030303030303
17.416666666667 2.416666666667
23.175000000000 15.900000000000
8.714285714286 15.285714285714
41.483870967742 39.548387096774
13.862068965517 28.275862068966
50.130434782609 19.782608695652
28.030303030303 28.030303030303
48.810810810811 54.513513513514
53.736842105263 52.421052631579
67.181818181818 42.545454545455
42.200000000000 55.200000000000
40.200000000000 57.000000000000
24.000000000000 42.857142857143
44.100000000000 51.425000000000
