4
0
14731
4
0
0
470783
500
686
1248585
1325345
898272
500
15
1281145
637825
105606
452995
1273488
500
290180
500
0
0
37301
1264297
1239423
1259944
0
0
268759
0
0
326674
442115
1242450
132378
1217617
191672
466
0
1187097
0
1250669
1261310
20
11
47
1313111
1278443
4
146
1270150
154964
84193
92
274
595598
7
1268868
113847
87345
953624
685644
10868
71066
1274596
401696
500
1257709
737
41427
313
1031767
1206118
130482
359807
240565
500
12
0
166667
3506
395638
1234733
130175
1264422
1286571
711
119262
532739
256321
1258745
507113
28
500
2
441082
2066283
0
