229
0 1
0 2
1 2
1 3
2 3
2 4
2 5
2 6
2 7
2 8
2 9
2 10
2 11
3 7
3 8
3 10
3 11
3 12
3 19
3 20
3 24
3 29
3 34
3 35
3 36
3 37
4 5
4 6
4 7
4 8
4 9
4 10
4 11
4 12
5 6
5 7
5 8
5 9
5 10
5 11
5 12
6 7
6 8
6 9
6 10
6 11
6 12
6 13
6 15
6 16
6 17
6 18
6 19
6 20
6 21
6 22
7 8
7 11
7 12
7 19
7 20
7 24
7 29
7 34
7 35
7 37
7 38
7 39
9 10
9 11
9 12
9 13
9 16
9 19
9 20
9 24
9 27
9 29
9 30
9 31
9 32
9 33
10 12
10 19
10 20
10 24
10 29
10 34
10 35
10 37
10 38
11 19
11 29
11 35
11 37
11 38
11 39
12 19
12 29
12 35
12 37
12 38
12 39
13 19
13 20
13 24
13 29
13 34
13 35
13 36
13 37
14 15
14 16
14 17
14 18
14 19
14 20
14 21
14 22
15 16
15 17
15 18
15 19
15 20
15 21
15 22
15 23
16 19
16 20
16 24
16 27
16 29
16 30
16 31
16 32
16 33
16 34
17 18
17 19
17 20
17 22
17 23
18 19
18 20
18 22
18 23
18 24
18 25
18 26
18 27
18 28
18 29
18 30
19 35
19 37
19 38
20 24
20 29
20 35
20 37
20 38
20 39
21 22
21 23
22 23
22 24
22 27
22 28
22 29
22 30
22 31
22 32
22 33
23 24
23 27
23 28
23 29
23 30
23 31
23 32
23 33
24 29
24 35
24 37
24 38
24 39
25 27
25 28
25 29
25 30
25 31
25 32
25 33
26 27
26 28
26 29
26 30
26 31
27 29
27 30
27 33
27 34
27 35
28 29
28 30
28 31
28 32
28 33
29 35
29 37
29 38
30 34
30 35
30 36
30 37
31 33
31 34
31 35
32 33
32 34
32 35
33 34
33 35
33 36
34 35
34 37
34 38
34 39
36 37
