100 100
1 5 2
2 5 33
3 5 -14
4 5 5
5 5 -43
6 5 -37
7 5 -33
8 5 -12
9 5 -3
10 5 42
11 5 18
12 5 -35
13 5 -12
14 5 30
15 5 17
16 5 -8
17 5 2
18 5 12
19 5 10
20 5 -37
21 5 4
22 5 43
23 5 17
24 5 4
25 5 -4
26 5 19
27 5 -24
28 5 24
29 5 33
30 5 -40
31 5 -30
32 5 -13
33 5 -47
34 5 6
35 5 13
36 5 -27
37 5 -10
38 5 -38
39 5 32
40 5 -39
41 5 6
42 5 -34
43 5 23
44 1 84
44 2 13
44 3 80
44 4 22
44 5 41
44 6 56
44 7 41
44 8 19
44 9 31
44 10 70
44 11 25
44 12 65
44 13 -8
44 14 17
44 15 81
44 16 87
44 17 70
44 18 5
44 19 42
44 20 27
44 21 44
44 22 83
44 23 29
44 24 49
44 25 89
44 26 18
44 27 77
44 28 -2
44 29 53
44 30 28
44 31 61
44 32 24
44 33 88
44 34 76
44 35 13
44 36 29
44 37 6
44 38 69
44 39 85
44 40 31
44 41 36
44 42 78
44 43 -1
44 44 -3
44 45 6
44 46 49
44 47 56
44 48 -6
44 49 11
44 50 38
44 51 -9
44 52 60
44 53 53
44 54 48
44 55 -5
44 56 12
44 57 59
44 58 42
44 59 80
44 60 -7
44 61 30
44 62 -7
44 63 49
44 64 66
44 65 -8
44 66 26
44 67 82
44 68 38
44 69 38
44 70 54
44 71 70
44 72 6
44 73 18
44 74 65
44 75 20
44 76 60
44 77 4
44 78 75
44 79 74
44 80 11
44 81 62
44 82 86
44 83 12
44 84 66
44 85 46
44 86 57
44 87 25
44 88 0
44 89 12
44 90 59
44 91 39
44 92 79
44 93 62
44 94 43
44 95 -9
44 96 -5
44 97 56
44 98 82
44 99 60
44 100 26
45 5 -9
46 5 -25
47 5 31
48 5 -24
49 5 52
50 5 -6
51 5 32
52 5 -35
53 5 -37
54 5 -19
55 5 36
56 5 -2
57 5 33
58 5 11
59 5 -2
60 5 -39
61 5 -21
62 5 -19
63 5 30
64 5 -40
65 5 -19
66 5 -42
67 5 -39
68 5 18
69 5 -43
70 5 -14
71 5 42
72 5 -1
73 5 -10
74 5 49
75 5 36
76 5 34
77 5 50
78 5 50
79 5 20
80 5 31
81 5 -31
82 5 18
83 5 26
84 5 -6
85 5 49
86 5 -48
87 5 -16
88 5 30
89 5 -28
90 5 -23
91 5 -20
92 5 -39
93 5 -45
94 5 -42
95 5 -13
96 5 11
97 5 19
98 5 30
99 5 -24
100 5 29
100 100
1 75 -25
2 75 -15
3 75 -39
4 75 -33
5 75 -55
6 75 -33
7 75 15
8 75 -59
9 75 -47
10 75 -2
11 75 14
12 75 -3
13 75 -15
14 75 -11
15 75 19
16 75 -25
17 75 -61
18 75 3
19 75 -9
20 75 -74
21 75 -33
22 75 -2
23 75 -42
24 75 -29
25 75 19
26 75 -65
27 75 10
28 75 -4
29 75 -73
30 75 -5
31 75 -43
32 75 1
33 75 -69
34 75 10
35 75 -45
36 75 -44
37 75 8
38 75 -44
39 75 -58
40 75 -60
41 75 16
42 75 25
43 75 -8
44 75 6
45 75 -23
46 75 -14
47 75 -32
48 75 -57
49 75 -53
50 75 0
51 75 -61
52 75 -29
53 75 -63
54 75 -14
55 75 -37
56 75 -9
57 75 -67
58 75 -31
59 75 -48
60 75 10
61 75 19
62 75 -59
63 75 -12
64 75 -59
65 75 -66
66 75 -21
67 75 14
68 75 21
69 75 -57
70 75 -25
71 75 -29
72 75 -70
73 75 -17
74 75 -48
75 75 -67
76 75 -23
77 75 24
78 75 -60
79 75 -71
80 75 -8
81 75 20
82 75 -36
83 75 -46
84 75 -58
85 1 -26
85 2 38
85 3 -32
85 4 -41
85 5 -21
85 6 -17
85 7 14
85 8 49
85 9 -32
85 10 -42
85 11 -24
85 12 53
85 13 37
85 14 44
85 15 2
85 16 36
85 17 -34
85 18 -20
85 19 44
85 20 1
85 21 -22
85 22 -16
85 23 38
85 24 3
85 25 -18
85 26 -37
85 27 -29
85 28 28
85 29 -7
85 30 47
85 31 -20
85 32 -18
85 33 36
85 34 44
85 35 42
85 36 -1
85 37 58
85 38 0
85 39 49
85 40 47
85 41 -7
85 42 23
85 43 51
85 44 -39
85 45 -12
85 46 41
85 47 -4
85 48 -42
85 49 55
85 50 23
85 51 39
85 52 31
85 53 33
85 54 40
85 55 -5
85 56 56
85 57 -32
85 58 -28
85 59 30
85 60 -5
85 61 55
85 62 -22
85 63 23
85 64 30
85 65 29
85 66 10
85 67 51
85 68 9
85 69 -31
85 70 33
85 71 25
85 72 53
85 73 -35
85 74 -28
85 75 -17
85 76 39
85 77 -30
85 78 -1
85 79 28
85 80 34
85 81 34
85 82 -20
85 83 -6
85 84 -35
85 85 -16
85 86 37
85 87 -4
85 88 57
85 89 -21
85 90 16
85 91 -13
85 92 -18
85 93 -18
85 94 -29
85 95 31
85 96 22
85 97 14
85 98 19
85 99 53
85 100 40
86 75 -38
87 75 -73
88 75 10
89 75 -45
90 75 -66
91 75 -1
92 75 -14
93 75 -25
94 75 -65
95 75 -15
96 75 -36
97 75 -61
98 75 -40
99 75 -22
100 75 -29
100 100
1 48 -100
1 49 -100
2 27 -100
2 69 -100
3 16 -100
3 42 -100
4 12 -100
4 61 -100
5 32 -100
5 92 -100
6 4 -100
6 97 -100
7 38 -100
7 52 -100
8 21 -100
8 100 -100
9 8 -100
9 58 -100
10 82 -100
10 87 -100
11 6 -100
11 78 -100
12 30 -100
12 52 -100
13 6 -100
13 22 -100
14 15 -100
14 24 -100
15 46 -100
15 55 -100
16 76 -100
16 86 -100
17 44 -100
17 60 -100
18 35 -100
18 38 -100
19 37 -100
19 85 -100
20 51 -100
20 68 -100
21 13 -100
21 51 -100
22 32 -100
23 77 -100
23 80 -100
24 39 -100
24 93 -100
25 88 -100
25 99 -100
26 44 -100
26 57 -100
27 77 -100
27 91 -100
28 11 -100
28 19 -100
29 62 -100
29 80 -100
30 45 -100
30 62 -100
31 21 -100
31 36 -100
32 1 -100
32 12 -100
33 43 -100
33 84 -100
34 7 -100
34 60 -100
35 56 -100
35 94 -100
36 17 -100
36 20 -100
37 7 -100
37 29 -100
38 23 -100
38 54 -100
39 49 -100
39 67 -100
40 2 -100
40 50 -100
41 2 -100
41 97 -100
42 53 -100
42 98 -100
43 56 -100
43 59 -100
44 47 -100
44 91 -100
45 75 -100
45 83 -100
46 14 -100
46 59 -100
47 65 -100
47 86 -100
48 79 -100
48 94 -100
49 31 -100
49 40 -100
50 10 -100
50 84 -100
51 22 -100
51 36 -100
52 34 -100
52 70 -100
53 31 -100
53 48 -100
54 66 -100
54 89 -100
55 20 -100
55 26 -100
56 14 -100
56 90 -100
57 70 -100
57 92 -100
58 34 -100
58 78 -100
59 87 -100
59 95 -100
60 64 -100
60 76 -100
61 41 -100
61 72 -100
62 69 -100
62 96 -100
63 9 -100
63 83 -100
64 43 -100
64 61 -100
65 42 -100
65 65 -100
66 40 -100
66 93 -100
67 29 -100
67 90 -100
68 17 -100
68 35 -100
69 63 -100
69 73 -100
70 99 -100
70 100 -100
71 5 -100
71 57 -100
72 18 -100
72 37 -100
73 9 -100
73 19 -100
74 74 -100
74 88 -100
75 15 -100
75 71 -100
76 50 -100
76 79 -100
77 28 -100
77 45 -100
78 11 -100
78 68 -100
79 25 -100
79 71 -100
80 13 -100
80 85 -100
81 10 -100
81 67 -100
82 33 -100
82 58 -100
83 28 -100
83 66 -100
84 23 -100
84 30 -100
85 41 -100
85 75 -100
86 5 -100
86 81 -100
87 64 -100
87 96 -100
88 26 -100
88 98 -100
89 3 -100
89 16 -100
90 1 -100
90 33 -100
91 25 -100
91 39 -100
92 24 -100
92 53 -100
93 89 -100
93 95 -100
94 4 -100
94 73 -100
95 47 -100
95 63 -100
96 3 -100
96 82 -100
97 8 -100
97 55 -100
98 27 -100
98 72 -100
99 18 -100
99 46 -100
100 74 -100
100 81 -100
20 2
1 2 47
2 2 51
3 2 73
4 2 20
5 2 86
6 2 58
7 2 84
8 2 97
9 2 6
10 2 16
11 2 27
12 2 9
13 2 24
14 2 76
15 2 8
16 2 -3
17 2 29
18 1 -12
18 2 63
19 2 18
20 2 53
2 20
1 1 -36
1 2 -43
1 3 -21
1 4 -24
1 5 23
1 6 -4
1 7 -36
1 8 -3
1 9 36
1 10 -13
1 11 17
1 12 -39
1 13 -48
1 14 -43
1 15 -25
1 16 49
1 17 -28
1 18 42
1 19 -31
1 20 16
2 1 -15
100 100
1 26 31
1 44 21
2 6 55
2 94 26
3 42 -21
3 66 35
4 37 -31
4 85 49
5 55 15
5 68 2
6 12 10
6 18 82
7 51 -14
7 67 -38
8 3 -59
8 76 -73
9 74 -49
9 89 31
10 13 -92
10 50 -3
11 78 -3
11 84 -70
12 87 22
12 96 21
13 64 4
13 81 21
14 23 41
14 55 -21
15 34 5
15 54 64
16 14 -48
16 61 -21
17 52 -10
17 58 57
18 64 -13
18 88 -53
19 33 -38
19 71 -48
20 46 -50
20 97 -54
21 8 -19
21 16 63
22 82 80
22 86 21
23 47 -7
23 53 -67
24 77 9
24 79 -35
25 51 32
25 73 40
26 17 -22
26 76 -12
27 20 39
27 63 42
28 33 -5
28 40 18
29 1 3
29 94 41
30 43 5
30 86 8
31 28 31
31 80 16
32 15 -57
32 91 20
33 11 -27
33 45 29
34 42 32
34 44 65
35 39 31
35 62 68
36 5 -10
36 48 33
37 11 -31
37 87 16
38 38 57
38 54 57
39 75 10
39 82 -2
40 60 29
40 91 81
41 21 38
41 92 -13
42 13 -48
42 65 -33
43 70 -65
43 93 -69
44 56 -12
44 92 3
45 26 73
45 35 82
46 30 -42
46 52 -66
47 73 -20
47 75 26
48 10 19
48 45 92
49 29 23
50 2 -63
50 60 -47
51 6 -5
51 63 -1
52 9 -20
52 32 -26
53 49 -1
53 70 -55
54 8 4
54 47 60
55 4 45
55 68 -14
56 32 -83
56 85 -10
57 3 -30
57 59 14
58 34 -32
58 41 -4
59 21 69
59 96 69
60 27 34
60 95 63
61 49 24
61 69 -11
62 83 7
62 98 57
63 66 46
63 83 -30
64 1 -57
64 99 1
65 30 -16
65 90 -3
66 5 -61
66 15 -69
67 20 93
67 57 85
68 4 -21
68 43 -72
69 41 40
69 57 77
70 29 -13
70 89 1
71 67 -38
71 77 18
72 27 -41
72 100 -32
73 65 12
73 97 11
74 24 -73
74 58 1
75 69 -12
75 80 -27
76 39 -27
76 98 -11
77 7 -1
77 23 87
78 37 -41
78 78 28
79 19 -44
79 61 -22
80 35 43
80 36 15
81 31 43
81 36 9
82 14 -26
82 88 -40
83 25 19
83 72 7
84 18 58
84 99 48
85 16 38
85 28 -21
86 59 18
86 90 0
87 19 27
87 50 90
88 7 -34
88 74 -20
89 12 -59
89 79 -51
90 62 74
90 71 21
91 31 48
91 84 -39
92 10 -36
92 17 -60
93 24 2
93 93 4
94 22 -8
94 53 -96
95 2 -58
95 56 -53
96 38 -19
96 40 -29
97 48 30
97 100 25
98 46 -28
98 95 24
99 72 -26
99 81 2
100 22 -5
100 25 -46
100 100
1 11 -100
2 11 -100
3 11 -100
4 1 -100
4 2 -100
4 3 -100
4 4 -100
4 5 -100
4 6 -100
4 7 -100
4 8 -100
4 9 -100
4 10 -100
4 11 -100
4 12 -100
4 13 -100
4 14 -100
4 15 -100
4 16 -100
4 17 -100
4 18 -100
4 19 -100
4 20 -100
4 21 -100
4 22 -100
4 23 -100
4 24 -100
4 25 -100
4 26 -100
4 27 -100
4 28 -100
4 29 -100
4 30 -100
4 31 -100
4 32 -100
4 33 -100
4 34 -100
4 35 -100
4 36 -100
4 37 -100
4 38 -100
4 39 -100
4 40 -100
4 41 -100
4 42 -100
4 43 -100
4 44 -100
4 45 -100
4 46 -100
4 47 -100
4 48 -100
4 49 -100
4 50 -100
4 51 -100
4 52 -100
4 53 -100
4 54 -100
4 55 -100
4 56 -100
4 57 -100
4 58 -100
4 59 -100
4 60 -100
4 61 -100
4 62 -100
4 63 -100
4 64 -100
4 65 -100
4 66 -100
4 67 -100
4 68 -100
4 69 -100
4 70 -100
4 71 -100
4 72 -100
4 73 -100
4 74 -100
4 75 -100
4 76 -100
4 77 -100
4 78 -100
4 79 -100
4 80 -100
4 81 -100
4 82 -100
4 83 -100
4 84 -100
4 85 -100
4 86 -100
4 87 -100
4 88 -100
4 89 -100
4 90 -100
4 91 -100
4 92 -100
4 93 -100
4 94 -100
4 95 -100
4 96 -100
4 97 -100
4 98 -100
4 99 -100
4 100 -100
5 11 -100
6 11 -100
7 11 -100
8 11 -100
9 11 -100
10 11 -100
11 11 -100
12 11 -100
13 11 -100
14 11 -100
15 11 -100
16 11 -100
17 11 -100
18 11 -100
19 11 -100
20 11 -100
21 11 -100
22 11 -100
23 11 -100
24 11 -100
25 11 -100
26 11 -100
27 11 -100
28 11 -100
29 11 -100
30 11 -100
31 11 -100
32 11 -100
33 11 -100
34 11 -100
35 11 -100
36 11 -100
37 11 -100
38 11 -100
39 11 -100
40 11 -100
41 11 -100
42 11 -100
43 11 -100
44 11 -100
45 11 -100
46 11 -100
47 11 -100
48 11 -100
49 11 -100
50 11 -100
51 11 -100
52 11 -100
53 11 -100
54 11 -100
55 11 -100
56 11 -100
57 11 -100
58 11 -100
59 11 -100
60 11 -100
61 11 -100
62 11 -100
63 11 -100
64 11 -100
65 11 -100
66 11 -100
67 11 -100
68 11 -100
69 11 -100
70 11 -100
71 11 -100
72 11 -100
73 11 -100
74 11 -100
75 11 -100
76 11 -100
77 11 -100
78 11 -100
79 11 -100
80 11 -100
81 11 -100
82 11 -100
83 11 -100
84 11 -100
85 11 -100
86 11 -100
87 11 -100
88 11 -100
89 11 -100
90 11 -100
91 11 -100
92 11 -100
93 11 -100
94 11 -100
95 11 -100
96 11 -100
97 11 -100
98 11 -100
99 11 -100
100 11 -100
100 100
1 37 -100
2 37 -100
3 37 -100
4 37 -100
5 37 -100
6 37 -100
7 37 -100
8 37 -100
9 37 -100
10 37 -100
11 37 -100
12 37 -100
13 37 -100
14 37 -100
15 37 -100
16 37 -100
17 37 -100
18 37 -100
19 37 -100
20 37 -100
21 37 -100
22 37 -100
23 37 -100
24 37 -100
25 37 -100
26 37 -100
27 37 -100
28 37 -100
29 37 -100
30 37 -100
31 37 -100
32 37 -100
33 1 -100
33 2 -100
33 3 -100
33 4 -100
33 5 -100
33 6 -100
33 7 -100
33 8 -100
33 9 -100
33 10 -100
33 11 -100
33 12 -100
33 13 -100
33 14 -100
33 15 -100
33 16 -100
33 17 -100
33 18 -100
33 19 -100
33 20 -100
33 21 -100
33 22 -100
33 23 -100
33 24 -100
33 25 -100
33 26 -100
33 27 -100
33 28 -100
33 29 -100
33 30 -100
33 31 -100
33 32 -100
33 33 -100
33 34 -100
33 35 -100
33 36 -100
33 37 -100
33 38 -100
33 39 -100
33 40 -100
33 41 -100
33 42 -100
33 43 -100
33 44 -100
33 45 -100
33 46 -100
33 47 -100
33 48 -100
33 49 -100
33 50 -100
33 51 -100
33 52 -100
33 53 -100
33 54 -100
33 55 -100
33 56 -100
33 57 -100
33 58 -100
33 59 -100
33 60 -100
33 61 -100
33 62 -100
33 63 -100
33 64 -100
33 65 -100
33 66 -100
33 67 -100
33 68 -100
33 69 -100
33 70 -100
33 71 -100
33 72 -100
33 73 -100
33 74 -100
33 75 -100
33 76 -100
33 77 -100
33 78 -100
33 79 -100
33 80 -100
33 81 -100
33 82 -100
33 83 -100
33 84 -100
33 85 -100
33 86 -100
33 87 -100
33 88 -100
33 89 -100
33 90 -100
33 91 -100
33 92 -100
33 93 -100
33 94 -100
33 95 -100
33 96 -100
33 97 -100
33 98 -100
33 99 -100
33 100 -100
34 37 -100
35 37 -100
36 37 -100
37 37 -100
38 37 -100
39 37 -100
40 37 -100
41 37 -100
42 37 -100
43 37 -100
44 37 -100
45 37 -100
46 37 -100
47 37 -100
48 37 -100
49 37 -100
50 37 -100
51 37 -100
52 37 -100
53 37 -100
54 37 -100
55 37 -100
56 37 -100
57 37 -100
58 37 -100
59 37 -100
60 37 -100
61 37 -100
62 37 -100
63 37 -100
64 37 -100
65 37 -100
66 37 -100
67 37 -100
68 37 -100
69 37 -100
70 37 -100
71 37 -100
72 37 -100
73 37 -100
74 37 -100
75 37 -100
76 37 -100
77 37 -100
78 37 -100
79 37 -100
80 37 -100
81 37 -100
82 37 -100
83 37 -100
84 37 -100
85 37 -100
86 37 -100
87 37 -100
88 37 -100
89 37 -100
90 37 -100
91 37 -100
92 37 -100
93 37 -100
94 37 -100
95 37 -100
96 37 -100
97 37 -100
98 37 -100
99 37 -100
100 37 -100
100 100
1 85 -100
2 85 -100
3 85 -100
4 1 -100
4 2 -100
4 3 -100
4 4 -100
4 5 -100
4 6 -100
4 7 -100
4 8 -100
4 9 -100
4 10 -100
4 11 -100
4 12 -100
4 13 -100
4 14 -100
4 15 -100
4 16 -100
4 17 -100
4 18 -100
4 19 -100
4 20 -100
4 21 -100
4 22 -100
4 23 -100
4 24 -100
4 25 -100
4 26 -100
4 27 -100
4 28 -100
4 29 -100
4 30 -100
4 31 -100
4 32 -100
4 33 -100
4 34 -100
4 35 -100
4 36 -100
4 37 -100
4 38 -100
4 39 -100
4 40 -100
4 41 -100
4 42 -100
4 43 -100
4 44 -100
4 45 -100
4 46 -100
4 47 -100
4 48 -100
4 49 -100
4 50 -100
4 51 -100
4 52 -100
4 53 -100
4 54 -100
4 55 -100
4 56 -100
4 57 -100
4 58 -100
4 59 -100
4 60 -100
4 61 -100
4 62 -100
4 63 -100
4 64 -100
4 65 -100
4 66 -100
4 67 -100
4 68 -100
4 69 -100
4 70 -100
4 71 -100
4 72 -100
4 73 -100
4 74 -100
4 75 -100
4 76 -100
4 77 -100
4 78 -100
4 79 -100
4 80 -100
4 81 -100
4 82 -100
4 83 -100
4 84 -100
4 85 -100
4 86 -100
4 87 -100
4 88 -100
4 89 -100
4 90 -100
4 91 -100
4 92 -100
4 93 -100
4 94 -100
4 95 -100
4 96 -100
4 97 -100
4 98 -100
4 99 -100
4 100 -100
5 85 -100
6 85 -100
7 85 -100
8 85 -100
9 85 -100
10 85 -100
11 85 -100
12 85 -100
13 85 -100
14 85 -100
15 85 -100
16 85 -100
17 85 -100
18 85 -100
19 85 -100
20 85 -100
21 85 -100
22 85 -100
23 85 -100
24 85 -100
25 85 -100
26 85 -100
27 85 -100
28 85 -100
29 85 -100
30 85 -100
31 85 -100
32 85 -100
33 85 -100
34 85 -100
35 85 -100
36 85 -100
37 85 -100
38 85 -100
39 85 -100
40 85 -100
41 85 -100
42 85 -100
43 85 -100
44 85 -100
45 85 -100
46 85 -100
47 85 -100
48 85 -100
49 85 -100
50 85 -100
51 85 -100
52 85 -100
53 85 -100
54 85 -100
55 85 -100
56 85 -100
57 85 -100
58 85 -100
59 85 -100
60 85 -100
61 85 -100
62 85 -100
63 85 -100
64 85 -100
65 85 -100
66 85 -100
67 85 -100
68 85 -100
69 85 -100
70 85 -100
71 85 -100
72 85 -100
73 85 -100
74 85 -100
75 85 -100
76 85 -100
77 85 -100
78 85 -100
79 85 -100
80 85 -100
81 85 -100
82 85 -100
83 85 -100
84 85 -100
85 85 -100
86 85 -100
87 85 -100
88 85 -100
89 85 -100
90 85 -100
91 85 -100
92 85 -100
93 85 -100
94 85 -100
95 85 -100
96 85 -100
97 85 -100
98 85 -100
99 85 -100
100 85 -100
100 100
1 21 -100
1 44 -100
2 34 -100
2 70 -100
3 97 -100
3 98 -100
4 14 -100
4 18 -100
5 8 -100
5 59 -100
6 54 -100
6 83 -100
7 44 -100
7 58 -100
8 4 -100
8 46 -100
9 10 -100
9 49 -100
10 21 -100
10 50 -100
11 75 -100
11 85 -100
12 17 -100
12 79 -100
13 13 -100
13 88 -100
14 7 -100
14 15 -100
15 26 -100
15 65 -100
16 6 -100
16 56 -100
17 66 -100
17 72 -100
18 26 -100
18 100 -100
19 11 -100
19 72 -100
20 69 -100
20 92 -100
21 53 -100
21 68 -100
22 41 -100
22 98 -100
23 31 -100
23 47 -100
24 39 -100
24 63 -100
25 34 -100
25 57 -100
26 27 -100
26 62 -100
27 6 -100
27 49 -100
28 5 -100
28 63 -100
29 13 -100
29 82 -100
30 29 -100
30 33 -100
31 42 -100
31 99 -100
32 77 -100
32 97 -100
33 15 -100
33 43 -100
34 45 -100
34 48 -100
35 43 -100
35 91 -100
36 3 -100
36 89 -100
37 20 -100
37 42 -100
38 38 -100
38 62 -100
39 11 -100
39 20 -100
40 52 -100
40 55 -100
41 23 -100
41 75 -100
42 51 -100
42 81 -100
43 30 -100
43 53 -100
44 8 -100
44 24 -100
45 28 -100
45 40 -100
46 66 -100
46 89 -100
47 33 -100
47 59 -100
48 7 -100
48 35 -100
49 22 -100
49 78 -100
50 30 -100
50 88 -100
51 41 -100
51 70 -100
52 86 -100
52 99 -100
53 16 -100
53 32 -100
54 67 -100
54 76 -100
55 25 -100
55 84 -100
56 19 -100
56 64 -100
57 38 -100
57 58 -100
58 16 -100
58 61 -100
59 19 -100
59 25 -100
60 83 -100
60 91 -100
61 73 -100
61 100 -100
62 31 -100
62 45 -100
63 64 -100
63 96 -100
64 9 -100
64 81 -100
65 12 -100
65 80 -100
66 1 -100
66 39 -100
67 9 -100
67 90 -100
68 51 -100
68 55 -100
69 47 -100
69 56 -100
70 36 -100
70 94 -100
71 50 -100
71 68 -100
72 74 -100
72 85 -100
73 18 -100
73 79 -100
74 23 -100
74 57 -100
75 92 -100
75 95 -100
76 80 -100
76 84 -100
77 2 -100
77 3 -100
78 94 -100
78 96 -100
79 24 -100
79 76 -100
80 4 -100
80 10 -100
81 27 -100
81 37 -100
82 12 -100
82 35 -100
83 14 -100
83 73 -100
84 17 -100
85 52 -100
85 87 -100
86 90 -100
86 95 -100
87 1 -100
87 37 -100
88 77 -100
88 78 -100
89 32 -100
89 40 -100
90 60 -100
90 82 -100
91 48 -100
91 65 -100
92 2 -100
92 93 -100
93 61 -100
93 69 -100
94 71 -100
94 74 -100
95 60 -100
95 71 -100
96 29 -100
96 46 -100
97 22 -100
97 86 -100
98 67 -100
98 93 -100
99 5 -100
99 87 -100
100 28 -100
100 54 -100
100 100
1 79 -100
2 79 -100
3 79 -100
4 79 -100
5 79 -100
6 79 -100
7 79 -100
8 79 -100
9 79 -100
10 79 -100
11 79 -100
12 79 -100
13 79 -100
14 79 -100
15 79 -100
16 79 -100
17 79 -100
18 79 -100
19 79 -100
20 79 -100
21 79 -100
22 79 -100
23 79 -100
24 79 -100
25 79 -100
26 79 -100
27 79 -100
28 79 -100
29 79 -100
30 79 -100
31 79 -100
32 79 -100
33 79 -100
34 79 -100
35 79 -100
36 79 -100
37 79 -100
38 79 -100
39 79 -100
40 79 -100
41 79 -100
42 79 -100
43 79 -100
44 79 -100
45 79 -100
46 79 -100
47 79 -100
48 79 -100
49 79 -100
50 79 -100
51 79 -100
52 79 -100
53 79 -100
54 79 -100
55 79 -100
56 79 -100
57 79 -100
58 79 -100
59 79 -100
60 79 -100
61 79 -100
62 79 -100
63 79 -100
64 79 -100
65 79 -100
66 79 -100
67 79 -100
68 79 -100
69 79 -100
70 79 -100
71 79 -100
72 79 -100
73 79 -100
74 79 -100
75 79 -100
76 79 -100
77 79 -100
78 79 -100
79 79 -100
80 79 -100
81 79 -100
82 79 -100
83 79 -100
84 79 -100
85 79 -100
86 79 -100
87 79 -100
88 79 -100
89 79 -100
90 79 -100
91 79 -100
92 79 -100
93 79 -100
94 1 -100
94 2 -100
94 3 -100
94 4 -100
94 5 -100
94 6 -100
94 7 -100
94 8 -100
94 9 -100
94 10 -100
94 11 -100
94 12 -100
94 13 -100
94 14 -100
94 15 -100
94 16 -100
94 17 -100
94 18 -100
94 19 -100
94 20 -100
94 21 -100
94 22 -100
94 23 -100
94 24 -100
94 25 -100
94 26 -100
94 27 -100
94 28 -100
94 29 -100
94 30 -100
94 31 -100
94 32 -100
94 33 -100
94 34 -100
94 35 -100
94 36 -100
94 37 -100
94 38 -100
94 39 -100
94 40 -100
94 41 -100
94 42 -100
94 43 -100
94 44 -100
94 45 -100
94 46 -100
94 47 -100
94 48 -100
94 49 -100
94 50 -100
94 51 -100
94 52 -100
94 53 -100
94 54 -100
94 55 -100
94 56 -100
94 57 -100
94 58 -100
94 59 -100
94 60 -100
94 61 -100
94 62 -100
94 63 -100
94 64 -100
94 65 -100
94 66 -100
94 67 -100
94 68 -100
94 69 -100
94 70 -100
94 71 -100
94 72 -100
94 73 -100
94 74 -100
94 75 -100
94 76 -100
94 77 -100
94 78 -100
94 79 -100
94 80 -100
94 81 -100
94 82 -100
94 83 -100
94 84 -100
94 85 -100
94 86 -100
94 87 -100
94 88 -100
94 89 -100
94 90 -100
94 91 -100
94 92 -100
94 93 -100
94 94 -100
94 95 -100
94 96 -100
94 97 -100
94 98 -100
94 99 -100
94 100 -100
95 79 -100
96 79 -100
97 79 -100
98 79 -100
99 79 -100
100 79 -100
100 100
1 32 -43
1 88 -8
2 18 27
2 57 47
3 20 -11
3 62 81
4 66 40
4 79 -2
5 79 -25
5 84 -54
6 9 -28
6 45 39
7 3 -57
7 59 7
8 16 -28
8 19 -25
9 67 -13
9 74 -36
10 11 -74
10 73 -51
11 21 30
11 95 16
12 24 -82
12 54 -84
13 38 -22
13 73 -57
14 37 -6
15 40 -77
15 97 -48
16 1 -33
16 17 11
17 77 14
17 89 38
18 68 8
18 76 5
19 26 69
19 60 54
20 35 -27
20 48 -7
21 10 37
21 27 -6
22 80 4
22 83 29
23 21 15
23 96 -3
24 35 4
24 94 7
25 15 39
25 41 33
26 31 -2
26 55 -96
27 87 -5
27 93 -36
28 3 -15
28 72 2
29 2 2
29 5 -70
30 1 -76
30 48 -40
31 30 35
31 32 -48
32 30 51
32 67 0
33 33 -52
33 99 -4
34 46 39
34 63 53
35 64 -13
35 82 -12
36 69 21
36 87 -28
37 4 45
37 86 40
38 47 -49
38 85 -19
39 61 -21
39 69 22
40 45 -6
40 50 -28
41 61 7
41 90 -21
42 4 69
42 29 74
43 28 -45
43 78 8
44 49 -38
44 52 5
45 42 -56
45 63 -23
46 44 38
46 99 32
47 8 8
47 65 13
48 14 48
48 83 25
49 28 13
49 39 60
50 24 -43
50 51 19
51 41 29
51 93 -16
52 84 -27
52 96 5
53 46 25
53 68 56
54 17 -39
54 97 -52
55 26 29
55 86 21
56 9 -42
56 55 -42
57 71 58
57 92 37
58 52 5
58 64 -37
59 34 7
59 58 29
60 78 3
60 91 -26
61 23 -58
61 89 5
62 13 29
62 65 50
63 29 51
63 94 -11
64 56 -48
64 90 -78
65 7 63
65 50 12
66 75 9
66 95 -4
67 23 11
67 66 61
68 85 -7
68 98 -40
69 15 3
69 76 21
70 27 18
70 71 46
71 12 -30
71 70 46
72 10 86
72 51 53
73 6 -27
73 75 -36
74 42 -52
74 74 -65
75 25 -15
75 53 -12
76 31 91
76 82 16
77 56 -43
77 70 3
78 38 8
78 100 -31
79 16 -11
79 36 -57
80 11 -32
80 47 -43
81 25 10
81 58 -22
82 22 14
82 36 -72
83 18 -17
83 60 26
84 14 -25
84 43 -72
85 34 -82
85 100 -57
86 57 -17
86 91 -19
87 2 17
87 13 -23
88 39 35
88 43 -13
89 22 60
89 33 -22
90 7 17
90 88 -41
91 5 -17
91 81 52
92 54 -51
92 59 20
93 6 66
93 40 6
94 12 -28
94 20 -36
95 19 10
95 77 26
96 62 29
96 92 -8
97 49 -8
97 53 39
98 8 -23
98 72 -48
99 80 -41
99 98 -62
100 44 5
100 81 9
100 100
1 46 -100
2 46 -100
3 46 -100
4 46 -100
5 46 -100
6 46 -100
7 46 -100
8 46 -100
9 46 -100
10 46 -100
11 46 -100
12 46 -100
13 46 -100
14 46 -100
15 46 -100
16 46 -100
17 46 -100
18 46 -100
19 46 -100
20 46 -100
21 46 -100
22 46 -100
23 46 -100
24 46 -100
25 46 -100
26 46 -100
27 46 -100
28 46 -100
29 46 -100
30 46 -100
31 46 -100
32 46 -100
33 46 -100
34 46 -100
35 46 -100
36 46 -100
37 46 -100
38 46 -100
39 46 -100
40 46 -100
41 46 -100
42 46 -100
43 46 -100
44 46 -100
45 46 -100
46 46 -100
47 46 -100
48 46 -100
49 46 -100
50 46 -100
51 46 -100
52 46 -100
53 46 -100
54 46 -100
55 46 -100
56 46 -100
57 46 -100
58 46 -100
59 46 -100
60 46 -100
61 46 -100
62 46 -100
63 46 -100
64 46 -100
65 46 -100
66 46 -100
67 46 -100
68 46 -100
69 46 -100
70 46 -100
71 46 -100
72 46 -100
73 46 -100
74 46 -100
75 46 -100
76 46 -100
77 46 -100
78 46 -100
79 46 -100
80 46 -100
81 46 -100
82 46 -100
83 46 -100
84 46 -100
85 46 -100
86 46 -100
87 46 -100
88 46 -100
89 1 -100
89 2 -100
89 3 -100
89 4 -100
89 5 -100
89 6 -100
89 7 -100
89 8 -100
89 9 -100
89 10 -100
89 11 -100
89 12 -100
89 13 -100
89 14 -100
89 15 -100
89 16 -100
89 17 -100
89 18 -100
89 19 -100
89 20 -100
89 21 -100
89 22 -100
89 23 -100
89 24 -100
89 25 -100
89 26 -100
89 27 -100
89 28 -100
89 29 -100
89 30 -100
89 31 -100
89 32 -100
89 33 -100
89 34 -100
89 35 -100
89 36 -100
89 37 -100
89 38 -100
89 39 -100
89 40 -100
89 41 -100
89 42 -100
89 43 -100
89 44 -100
89 45 -100
89 46 -100
89 47 -100
89 48 -100
89 49 -100
89 50 -100
89 51 -100
89 52 -100
89 53 -100
89 54 -100
89 55 -100
89 56 -100
89 57 -100
89 58 -100
89 59 -100
89 60 -100
89 61 -100
89 62 -100
89 63 -100
89 64 -100
89 65 -100
89 66 -100
89 67 -100
89 68 -100
89 69 -100
89 70 -100
89 71 -100
89 72 -100
89 73 -100
89 74 -100
89 75 -100
89 76 -100
89 77 -100
89 78 -100
89 79 -100
89 80 -100
89 81 -100
89 82 -100
89 83 -100
89 84 -100
89 85 -100
89 86 -100
89 87 -100
89 88 -100
89 89 -100
89 90 -100
89 91 -100
89 92 -100
89 93 -100
89 94 -100
89 95 -100
89 96 -100
89 97 -100
89 98 -100
89 99 -100
89 100 -100
90 46 -100
91 46 -100
92 46 -100
93 46 -100
94 46 -100
95 46 -100
96 46 -100
97 46 -100
98 46 -100
99 46 -100
100 46 -100
100 100
1 52 -31
1 69 0
2 76 7
2 83 -48
3 6 -9
3 71 24
4 34 -12
4 96 -92
5 48 -9
5 53 -39
6 8 -16
6 87 -10
7 76 22
7 95 64
8 46 49
8 71 18
9 21 63
9 31 28
10 43 -43
10 92 6
11 3 -45
11 42 -17
12 1 -27
12 62 -1
13 29 -44
13 50 2
14 22 -3
14 89 -39
15 22 -9
15 80 -23
16 78 14
16 81 15
17 61 47
17 75 62
18 81 33
18 99 -47
19 52 -4
19 72 20
20 30 34
20 91 53
21 25 -66
21 67 22
22 57 -4
22 97 11
23 45 22
23 67 40
24 19 -73
24 38 -17
25 32 1
25 50 -39
26 51 -35
26 98 -29
27 15 -58
27 65 2
28 73 -51
28 88 -40
29 11 -81
29 12 -56
30 49 -3
31 25 -64
31 80 -31
32 23 -3
32 93 -16
33 32 15
33 70 -38
34 35 38
34 68 33
35 20 -19
35 60 0
36 65 2
36 75 11
37 13 -49
37 89 -33
38 51 37
38 88 3
39 36 -60
39 48 -24
40 2 43
40 49 1
41 59 53
41 85 -19
42 12 13
42 55 7
43 24 74
43 73 -10
44 63 10
44 82 8
45 33 25
45 34 31
46 27 -63
46 90 -81
47 54 39
47 84 1
48 44 65
48 95 83
49 77 -24
49 93 -56
50 14 38
50 90 -46
51 26 17
51 84 -31
52 42 -52
52 55 -60
53 17 -32
53 87 14
54 47 -81
54 78 -9
55 1 17
55 13 -43
56 45 29
56 53 -44
57 85 -24
57 97 50
58 9 24
58 69 18
59 7 72
59 29 -9
60 10 -23
60 24 8
61 17 -47
61 68 -1
62 38 -18
62 41 -54
63 5 74
63 30 21
64 8 -44
64 72 -52
65 23 -17
65 99 -35
66 59 8
66 83 -76
67 31 38
67 66 55
68 40 -40
68 77 -18
69 11 -9
69 94 46
70 18 -5
70 26 48
71 19 -52
71 94 5
72 46 36
72 58 26
73 16 -72
73 63 -2
74 9 0
74 96 -56
75 40 -44
75 74 -49
76 7 83
76 21 90
77 4 -59
77 47 -51
78 3 -6
78 27 18
79 20 -47
79 62 33
80 35 42
80 37 34
81 37 19
81 100 -31
82 74 -1
82 86 -13
83 64 -27
83 98 -11
84 54 14
84 56 2
85 28 28
85 56 67
86 60 -57
86 82 5
87 16 12
87 66 60
88 6 -51
88 92 -1
89 70 -13
89 91 16
90 41 21
90 79 58
91 2 30
91 58 35
92 14 17
92 44 3
93 86 4
93 100 3
94 5 81
94 39 57
95 33 -19
95 61 -30
96 10 49
96 36 -4
97 15 -77
97 57 -12
98 18 -7
98 39 28
99 4 -39
99 79 17
100 28 -17
100 43 -17
100 100
1 34 -100
1 97 -100
2 22 -100
2 73 -100
3 19 -100
3 78 -100
4 90 -100
4 96 -100
5 33 -100
5 48 -100
6 40 -100
6 54 -100
7 4 -100
7 66 -100
8 57 -100
8 75 -100
9 13 -100
9 42 -100
10 29 -100
10 75 -100
11 47 -100
11 55 -100
12 48 -100
12 93 -100
13 11 -100
13 46 -100
14 3 -100
14 41 -100
15 24 -100
15 83 -100
16 51 -100
16 100 -100
17 53 -100
17 65 -100
18 15 -100
18 29 -100
19 74 -100
19 85 -100
20 23 -100
20 43 -100
21 5 -100
21 89 -100
22 51 -100
22 53 -100
23 8 -100
23 49 -100
24 11 -100
24 78 -100
25 20 -100
25 38 -100
26 15 -100
26 99 -100
27 4 -100
27 31 -100
28 50 -100
28 59 -100
29 44 -100
29 86 -100
30 52 -100
30 71 -100
31 14 -100
31 58 -100
32 73 -100
32 100 -100
33 70 -100
33 93 -100
34 63 -100
34 92 -100
35 56 -100
35 84 -100
36 21 -100
36 61 -100
37 7 -100
37 85 -100
38 49 -100
38 92 -100
39 9 -100
39 99 -100
40 61 -100
40 69 -100
41 3 -100
41 60 -100
42 64 -100
42 86 -100
43 64 -100
43 89 -100
44 68 -100
44 88 -100
45 30 -100
45 79 -100
46 21 -100
46 32 -100
47 23 -100
47 52 -100
48 18 -100
48 32 -100
49 57 -100
49 62 -100
50 5 -100
50 65 -100
51 55 -100
51 90 -100
52 18 -100
52 35 -100
53 24 -100
53 91 -100
54 19 -100
54 27 -100
55 17 -100
55 80 -100
56 39 -100
56 40 -100
57 6 -100
57 59 -100
58 27 -100
58 76 -100
59 33 -100
59 54 -100
60 71 -100
60 76 -100
61 2 -100
61 77 -100
62 46 -100
62 72 -100
63 26 -100
63 39 -100
64 10 -100
64 35 -100
65 12 -100
65 45 -100
66 6 -100
66 67 -100
67 17 -100
67 81 -100
68 30 -100
68 96 -100
69 34 -100
69 50 -100
70 42 -100
70 67 -100
71 84 -100
71 98 -100
72 8 -100
72 82 -100
73 69 -100
73 72 -100
74 9 -100
74 94 -100
75 1 -100
75 95 -100
76 26 -100
76 43 -100
77 58 -100
77 79 -100
78 28 -100
78 94 -100
79 45 -100
79 95 -100
80 80 -100
80 87 -100
81 2 -100
81 62 -100
82 37 -100
82 38 -100
83 14 -100
83 87 -100
84 70 -100
84 97 -100
85 13 -100
85 91 -100
86 56 -100
86 63 -100
87 20 -100
87 66 -100
88 37 -100
88 74 -100
89 12 -100
89 25 -100
90 36 -100
90 68 -100
91 1 -100
91 16 -100
92 16 -100
92 60 -100
93 47 -100
94 28 -100
94 88 -100
95 44 -100
95 81 -100
96 22 -100
96 83 -100
97 10 -100
97 77 -100
98 36 -100
98 41 -100
99 25 -100
99 82 -100
100 31 -100
100 98 -100
100 100
1 58 -100
1 84 -100
2 82 -100
2 85 -100
3 81 -100
3 99 -100
4 36 -100
4 59 -100
5 30 -100
5 54 -100
6 5 -100
6 25 -100
7 37 -100
7 40 -100
8 34 -100
8 58 -100
9 37 -100
9 83 -100
10 4 -100
10 73 -100
11 67 -100
11 97 -100
12 17 -100
12 59 -100
13 35 -100
13 87 -100
14 45 -100
14 86 -100
15 9 -100
15 57 -100
16 43 -100
16 54 -100
17 2 -100
17 60 -100
18 66 -100
18 92 -100
19 2 -100
19 80 -100
20 31 -100
20 65 -100
21 44 -100
21 97 -100
22 10 -100
22 44 -100
23 45 -100
24 1 -100
24 7 -100
25 12 -100
25 95 -100
26 74 -100
26 82 -100
27 27 -100
27 61 -100
28 20 -100
28 36 -100
29 10 -100
29 51 -100
30 5 -100
30 88 -100
31 89 -100
31 93 -100
32 88 -100
32 95 -100
33 23 -100
33 70 -100
34 16 -100
34 75 -100
35 66 -100
35 77 -100
36 41 -100
36 76 -100
37 18 -100
37 33 -100
38 39 -100
38 69 -100
39 38 -100
39 48 -100
40 21 -100
40 52 -100
41 50 -100
41 81 -100
42 6 -100
42 84 -100
43 24 -100
43 29 -100
44 3 -100
44 40 -100
45 65 -100
45 98 -100
46 26 -100
46 77 -100
47 47 -100
47 69 -100
48 21 -100
48 55 -100
49 31 -100
49 94 -100
50 47 -100
50 78 -100
51 46 -100
51 85 -100
52 19 -100
52 79 -100
53 18 -100
53 96 -100
54 39 -100
54 67 -100
55 8 -100
55 17 -100
56 13 -100
56 56 -100
57 6 -100
57 99 -100
58 27 -100
58 64 -100
59 14 -100
59 100 -100
60 28 -100
60 72 -100
61 4 -100
61 49 -100
62 79 -100
62 98 -100
63 9 -100
63 90 -100
64 28 -100
64 80 -100
65 89 -100
65 94 -100
66 83 -100
66 96 -100
67 34 -100
67 91 -100
68 22 -100
68 33 -100
69 11 -100
69 16 -100
70 32 -100
70 53 -100
71 14 -100
71 26 -100
72 64 -100
72 71 -100
73 35 -100
73 49 -100
74 7 -100
74 48 -100
75 24 -100
75 50 -100
76 1 -100
76 68 -100
77 41 -100
77 55 -100
78 32 -100
78 62 -100
79 42 -100
79 63 -100
80 25 -100
80 29 -100
81 68 -100
81 72 -100
82 15 -100
82 22 -100
83 60 -100
83 62 -100
84 76 -100
84 86 -100
85 43 -100
85 91 -100
86 12 -100
86 42 -100
87 3 -100
87 63 -100
88 53 -100
88 74 -100
89 75 -100
89 90 -100
90 15 -100
90 57 -100
91 38 -100
91 56 -100
92 11 -100
92 73 -100
93 13 -100
93 19 -100
94 78 -100
94 87 -100
95 8 -100
95 23 -100
96 20 -100
96 61 -100
97 46 -100
97 51 -100
98 30 -100
98 52 -100
99 71 -100
99 100 -100
100 92 -100
100 93 -100
100 100
1 74 -10
1 84 -40
2 32 -57
2 66 11
3 42 -90
3 94 -70
4 24 71
5 3 -18
5 11 -1
6 21 -45
6 91 -40
7 23 55
7 57 48
8 14 -60
8 18 -46
9 35 56
9 86 79
10 44 41
10 51 -17
11 13 82
11 72 -8
12 49 43
12 73 14
13 4 15
13 19 9
14 78 19
14 85 63
15 39 21
15 60 -63
16 9 56
16 69 24
17 20 -41
17 93 -42
18 2 14
18 59 13
19 33 21
19 82 28
20 1 -80
20 8 -34
21 36 37
21 65 -1
22 19 45
22 48 13
23 7 -11
23 49 41
24 52 -68
24 58 1
25 54 25
25 68 26
26 77 5
26 99 48
27 54 54
27 87 17
28 18 6
28 94 -2
29 6 -31
29 23 41
30 95 66
30 98 51
31 40 -9
31 61 -77
32 25 -47
32 37 9
33 50 -26
33 80 -16
34 15 -7
34 73 0
35 5 -36
35 25 -67
36 30 -19
36 56 16
37 9 3
37 55 -20
38 17 -48
38 40 11
39 27 63
39 60 -5
40 45 -46
40 63 -34
41 20 -45
41 38 -76
42 29 -63
42 90 0
43 80 30
43 81 79
44 15 41
44 71 72
45 3 43
45 41 9
46 43 78
46 46 71
47 57 57
47 82 12
48 47 29
48 75 88
49 30 -64
49 53 -40
50 58 47
50 74 -1
51 59 -9
51 71 7
52 90 58
52 92 59
53 39 11
53 56 -43
54 16 64
54 41 -3
55 12 20
55 68 25
56 13 26
56 34 -58
57 31 45
57 83 12
58 33 -10
58 88 -3
59 26 -81
59 62 -50
60 55 5
60 61 -51
61 47 0
61 77 -20
62 2 -18
62 89 -62
63 28 -51
63 35 -24
64 34 -9
64 64 81
65 70 -86
65 100 -4
66 6 -65
66 52 -57
67 22 -66
67 83 -30
68 10 -56
68 11 6
69 22 -31
69 76 -8
70 89 -53
70 96 -27
71 45 2
71 85 17
72 4 77
72 84 -11
73 17 -33
73 75 46
74 98 26
74 100 47
75 72 -89
75 96 -50
76 44 39
76 63 43
77 16 20
77 86 9
78 10 -69
78 46 9
79 91 -22
79 95 57
80 12 63
80 97 29
81 53 -43
81 79 3
82 36 -16
82 43 24
83 14 -38
83 27 22
84 26 -71
84 38 -71
85 21 -79
85 64 16
86 8 44
86 42 1
87 66 -15
87 79 -8
88 67 22
88 70 6
89 50 15
89 67 20
90 78 -50
90 87 -29
91 37 63
91 69 33
92 76 -42
92 97 -48
93 28 -49
93 31 15
94 32 -85
94 65 -70
95 62 -45
95 81 -12
96 1 -20
96 48 33
97 5 -21
97 92 13
98 51 -13
98 99 46
99 7 -33
99 29 -30
100 88 28
100 93 45
100 100
1 49 -100
1 67 -100
2 15 -100
2 86 -100
3 48 -100
3 80 -100
4 8 -100
4 69 -100
5 40 -100
5 60 -100
6 30 -100
6 83 -100
7 6 -100
7 82 -100
8 5 -100
8 79 -100
9 26 -100
9 72 -100
10 55 -100
10 56 -100
11 90 -100
11 91 -100
12 5 -100
12 9 -100
13 54 -100
13 75 -100
14 3 -100
14 23 -100
15 11 -100
15 20 -100
16 27 -100
16 32 -100
17 7 -100
17 35 -100
18 57 -100
18 61 -100
19 26 -100
19 84 -100
20 40 -100
20 78 -100
21 38 -100
21 88 -100
22 36 -100
22 95 -100
23 46 -100
23 66 -100
24 15 -100
24 58 -100
25 23 -100
25 62 -100
26 8 -100
26 32 -100
27 6 -100
27 64 -100
28 13 -100
28 41 -100
29 19 -100
29 95 -100
30 33 -100
30 91 -100
31 55 -100
31 77 -100
32 30 -100
32 44 -100
33 16 -100
33 81 -100
34 50 -100
34 98 -100
35 28 -100
35 51 -100
36 69 -100
36 71 -100
37 4 -100
37 53 -100
38 73 -100
38 88 -100
39 33 -100
39 39 -100
40 29 -100
40 68 -100
41 63 -100
41 65 -100
42 3 -100
42 27 -100
43 52 -100
43 73 -100
44 21 -100
44 41 -100
45 25 -100
45 58 -100
46 31 -100
46 90 -100
47 24 -100
47 47 -100
48 21 -100
48 56 -100
49 31 -100
49 34 -100
50 14 -100
50 63 -100
51 18 -100
51 94 -100
52 87 -100
52 89 -100
53 9 -100
53 99 -100
54 64 -100
54 89 -100
55 53 -100
55 96 -100
56 17 -100
56 70 -100
57 7 -100
57 61 -100
58 76 -100
58 85 -100
59 20 -100
59 37 -100
60 36 -100
60 76 -100
61 37 -100
61 82 -100
62 97 -100
62 100 -100
63 66 -100
63 93 -100
64 52 -100
64 57 -100
65 12 -100
65 70 -100
66 11 -100
66 35 -100
67 1 -100
67 42 -100
68 19 -100
68 45 -100
69 71 -100
69 83 -100
70 68 -100
70 96 -100
71 29 -100
71 86 -100
72 51 -100
72 59 -100
73 2 -100
73 74 -100
74 60 -100
74 92 -100
75 10 -100
75 42 -100
76 22 -100
76 25 -100
77 28 -100
77 92 -100
78 44 -100
78 100 -100
79 24 -100
79 67 -100
80 22 -100
80 79 -100
81 1 -100
81 16 -100
82 2 -100
82 18 -100
83 43 -100
83 98 -100
84 4 -100
84 10 -100
85 13 -100
85 78 -100
86 93 -100
86 97 -100
87 47 -100
87 77 -100
88 59 -100
88 74 -100
89 12 -100
89 72 -100
90 38 -100
90 94 -100
91 54 -100
91 65 -100
92 17 -100
92 45 -100
93 34 -100
93 49 -100
94 46 -100
95 50 -100
95 84 -100
96 80 -100
96 81 -100
97 75 -100
97 99 -100
98 62 -100
98 85 -100
99 14 -100
99 43 -100
100 48 -100
100 87 -100
10 5
1 1 -48
2 4 9
3 1 -56
4 1 -59
5 1 -93
6 1 -87
6 4 3
7 1 -20
8 1 -37
9 1 -36
10 2 4
10 3 -13
10 4 77
10 5 56
10 5
1 3 13
2 3 -22
3 3 -24
4 1 -42
4 3 -2
4 5 23
5 2 -14
5 4 -35
5 5 -7
6 3 -20
7 3 5
8 2 1
8 4 -20
9 3 55
10 5
1 4 -14
2 1 0
2 2 -19
3 4 -16
4 1 54
5 4 -63
6 4 -61
7 4 35
8 2 25
8 3 -16
8 4 15
8 5 -7
9 4 -15
10 4 -38
10 5
2 1 39
2 2 6
2 5 26
3 2 -41
3 5 -21
4 2 36
4 5 56
5 1 6
5 5 -7
6 1 70
6 4 16
9 4 -44
10 1 25
10 3 -51
10 5
1 1 -25
2 2 -71
2 4 -27
3 1 -31
4 1 0
5 3 67
6 1 6
6 5 0
7 3 63
8 4 18
8 5 -26
9 3 37
10 2 -63
10 3 7
10 5
1 3 -1
1 4 48
1 5 -23
2 1 -17
2 3 -36
3 5 -21
5 2 -52
6 2 -54
6 3 -38
7 2 14
7 5 8
8 4 75
9 3 6
10 4 30
10 5
1 3 -48
2 1 17
3 1 -7
5 2 10
5 5 24
6 3 -48
6 4 -1
6 5 1
7 2 -31
7 4 -19
8 2 -4
9 1 37
9 2 3
9 3 -32
10 5
1 5 -11
2 5 31
4 5 16
5 5 14
6 1 -80
6 2 -88
6 3 -19
6 4 -38
6 5 -53
7 5 -17
8 5 29
9 2 -44
9 3 25
10 5 -51
10 5
1 4 24
2 1 -17
2 2 6
2 3 67
2 4 56
3 1 -4
3 5 42
4 4 42
6 1 -50
6 2 -27
7 3 80
7 4 69
8 2 -33
10 1 -17
10 5
1 4 -34
2 4 -27
3 4 -58
4 4 -37
5 4 -35
6 4 2
7 1 -74
7 2 -45
7 3 -93
7 5 -25
8 4 -74
9 3 -45
9 4 -33
10 4 -36
10 5
1 5 -15
2 5 -35
3 5 -19
4 4 42
5 5 12
6 5 -6
7 1 -28
7 2 0
7 4 16
8 5 34
9 2 -31
9 5 -48
10 1 3
10 4 47
10 5
2 2 15
2 3 -13
3 2 48
3 4 -4
4 1 23
4 4 -21
5 1 25
6 5 -28
7 2 30
7 4 -22
7 5 26
9 3 -29
10 1 23
10 4 -21
10 5
1 5 -17
2 3 5
3 3 -12
4 3 -46
5 3 -86
6 3 -4
7 1 -26
7 2 -58
7 3 -46
7 4 -44
7 5 -25
8 3 12
9 3 -40
10 3 -23
10 5
1 5 -29
2 2 -28
2 4 -15
3 2 -52
3 4 -39
4 1 -42
4 2 -93
5 1 34
5 3 31
7 5 -66
8 3 9
8 5 -22
9 5 -44
10 5 -67
10 5
2 4 59
3 1 -31
3 3 -21
3 4 42
3 5 48
4 4 43
5 4 63
6 1 12
6 2 13
6 5 91
7 4 80
8 4 1
9 4 77
10 4 -5
5 10
1 6 -38
1 9 14
2 1 20
2 4 58
2 6 -28
2 9 24
3 1 27
3 2 0
4 6 -12
4 8 65
5 4 40
5 7 -54
5 8 31
5 10 37
5 10
1 1 11
2 2 19
2 3 54
2 4 14
2 5 73
2 6 28
2 7 -2
2 8 13
2 9 45
2 10 -7
3 6 38
4 6 -53
5 1 11
5 6 -4
5 10
1 4 18
1 7 11
1 8 -22
1 10 37
3 1 -26
3 2 1
3 9 -39
4 2 -24
4 3 -84
4 4 -31
4 5 -45
4 6 -83
4 10 -12
5 2 -23
5 10
1 2 -12
1 4 22
1 6 25
2 8 -43
2 9 -24
3 2 22
3 4 56
3 9 57
4 1 31
4 4 71
4 6 74
4 9 72
4 10 4
5 10 -52
5 10
1 6 2
1 7 -27
2 6 26
3 1 -59
3 3 -4
3 4 -56
3 9 -57
3 10 -26
4 2 -25
4 5 8
4 6 -16
4 8 -11
4 9 -36
5 6 8
5 10
1 8 -43
2 8 -77
3 2 -18
3 8 -37
4 1 -21
4 2 -37
4 3 -45
4 4 34
4 5 11
4 6 -47
4 7 -8
4 9 5
4 10 -5
5 2 24
5 10
1 1 -8
1 5 -43
1 9 4
1 10 44
2 2 27
2 9 -1
3 2 16
3 5 -59
3 7 17
4 6 27
4 7 81
4 9 52
5 1 37
5 2 77
5 10
1 4 0
1 5 -26
1 10 9
2 2 30
2 4 45
2 7 67
2 9 10
3 6 38
4 2 -50
5 1 34
5 2 -15
5 3 -13
5 6 14
5 8 -33
5 10
1 8 -1
1 9 -2
2 4 44
2 5 5
2 10 23
3 6 4
4 1 -14
4 6 5
4 7 8
4 9 13
5 1 13
5 2 40
5 3 32
5 8 41
5 10
1 3 -44
2 1 -67
2 2 -70
2 4 -65
2 5 -1
2 6 -2
2 7 -45
2 8 -49
2 10 9
3 3 2
3 9 94
4 1 -75
4 3 -92
5 9 50
5 10
1 2 20
1 6 -43
1 7 -13
1 8 42
1 10 -34
2 1 20
2 3 26
2 5 0
2 9 16
2 10 -51
3 3 10
3 9 0
4 10 -41
5 3 51
5 10
1 4 -22
1 6 2
2 4 23
2 6 47
3 1 -34
3 2 -28
3 3 -29
3 4 -9
3 5 -31
3 7 59
3 8 4
3 9 52
3 10 8
4 4 -32
5 10
1 2 0
1 5 -19
1 7 -41
2 1 -65
2 6 -85
3 4 -19
3 6 -53
3 8 19
4 2 13
4 3 9
4 4 10
4 10 15
5 1 -11
5 6 -31
5 10
1 2 50
1 5 -27
1 7 -28
1 8 27
1 9 33
1 10 28
2 6 0
3 3 -52
3 4 -48
4 2 96
4 4 9
4 8 73
5 6 -4
5 7 11
5 10
1 9 10
2 5 -8
2 9 -12
3 5 -20
3 9 -24
4 1 73
4 2 -7
4 4 41
4 5 38
4 6 34
4 7 55
4 8 69
4 10 19
5 5 -11
10 10
1 4 26
2 4 1
2 9 -52
3 7 36
3 10 -13
4 10 -59
5 10 -37
6 6 -5
6 7 4
7 1 -28
7 3 14
7 4 27
7 5 44
7 10 -43
8 8 23
8 9 -35
9 10 -45
10 6 -46
10 7 -37
10 10
1 4 36
1 6 33
2 7 -58
2 9 -41
3 4 67
4 6 55
5 4 54
6 4 76
7 4 49
8 1 -12
8 2 -35
8 5 0
8 7 -72
8 9 -55
8 10 -86
9 1 -13
9 6 -12
9 8 -27
10 6 68
10 10
1 5 -39
2 5 -76
3 2 20
3 4 50
3 5 -30
3 6 49
3 7 9
3 8 -38
3 9 -37
4 5 -28
5 5 -58
6 5 -30
7 1 1
7 3 -13
8 1 -9
8 3 -23
8 9 -36
9 9 -10
10 1 -43
10 10
1 5 -8
2 8 -14
3 8 -39
4 8 -36
5 5 8
5 6 -29
6 6 -9
6 7 30
7 1 -21
7 2 -23
7 3 36
7 10 22
8 2 -50
8 4 -6
8 5 -20
8 9 11
9 8 2
10 7 2
10 8 1
10 10
1 5 -16
2 4 19
2 5 19
2 10 85
3 2 -19
3 6 -40
4 2 36
6 2 29
7 2 23
7 6 2
8 1 -18
8 3 -91
8 5 -65
8 7 -28
9 2 44
9 4 18
9 8 43
9 9 27
10 5 -23
10 10
1 6 3
2 3 -31
3 9 14
4 6 -29
4 9 -42
5 2 -29
5 3 -41
5 10 -65
6 9 -52
7 4 -53
7 7 -42
7 8 -35
7 10 -40
8 1 -2
8 9 -42
9 3 -21
9 5 -1
10 1 60
10 5 58
10 10
1 1 45
1 9 19
2 5 21
2 7 -11
3 2 39
3 4 53
4 3 2
4 6 1
6 3 39
6 5 45
6 7 13
6 8 43
7 8 62
8 4 55
8 6 87
9 5 43
9 10 19
10 1 59
10 2 5
10 10
1 1 10
1 2 8
1 3 -26
1 4 21
1 5 35
1 6 38
1 7 -32
1 8 10
1 9 18
2 10 10
3 10 2
4 1 20
4 10 -5
5 10 -28
6 1 42
7 10 7
8 10 -57
9 10 -10
10 10 0
10 10
1 6 -31
2 4 -17
2 9 27
3 1 20
3 3 58
3 5 36
4 2 -68
5 1 -72
5 3 -34
5 6 -76
5 10 -83
6 3 30
6 5 8
6 7 21
7 3 -11
7 4 -54
8 8 -43
9 10 -75
10 8 -23
10 10
1 1 46
1 2 39
1 4 -26
1 9 32
2 2 38
3 2 76
4 2 34
5 2 30
6 2 56
6 5 2
6 10 -32
8 3 13
8 6 -65
8 7 7
8 8 -58
8 10 -69
9 1 70
9 4 -2
10 2 54
10 10
1 5 -2
1 10 2
2 1 -63
2 7 4
3 1 -32
3 6 -30
4 5 -28
5 2 -49
5 5 -1
5 7 28
5 8 3
5 9 26
6 7 -4
7 7 28
8 3 -36
8 6 -42
9 3 -39
10 3 -2
10 4 55
10 10
1 1 -36
1 2 36
1 4 -31
2 8 27
3 4 -81
4 4 10
4 5 77
5 1 -21
5 2 51
5 10 1
6 5 73
6 6 -2
7 1 -72
7 5 0
7 7 -32
7 10 -50
8 7 -25
9 6 -12
10 4 -72
10 10
1 4 6
1 8 -29
2 3 -19
2 8 -65
2 9 -44
3 9 39
4 1 25
4 9 12
5 9 -21
6 1 -11
7 1 -15
7 6 -45
7 10 -52
8 9 41
9 2 -25
9 4 -4
9 5 -49
9 7 20
10 9 -45
10 10
1 8 16
2 4 8
2 6 -50
4 5 -28
4 9 3
5 6 -56
5 7 -29
7 1 -27
7 2 -9
7 4 6
8 1 -51
8 2 -33
8 9 -49
9 1 25
9 6 0
9 8 42
9 9 27
10 8 -20
10 10 -20
10 10
1 9 27
1 10 18
2 10 -27
3 1 24
3 5 55
3 6 4
3 8 49
5 1 -57
5 4 -37
5 7 -56
6 3 -56
6 10 -18
7 4 46
7 8 51
7 10 53
8 1 25
8 5 56
9 1 -53
9 8 -28
100 100
1 8 -38
1 29 -35
1 30 -9
1 44 24
1 58 47
1 66 8
1 81 -39
2 62 -33
3 34 -65
3 55 -12
3 74 -81
3 84 -19
4 42 -52
4 87 40
5 42 -36
5 99 32
6 37 -14
6 82 1
7 100 35
8 49 -42
9 2 -82
9 78 -33
10 14 -18
10 92 -48
11 6 72
11 16 32
11 17 -10
11 27 35
11 83 46
12 46 -43
12 95 21
13 82 -26
14 38 21
14 46 -42
14 85 -54
15 62 -32
16 78 -14
17 1 2
17 40 -1
17 83 12
17 87 45
18 13 -8
18 22 -74
18 36 2
18 98 3
19 35 -76
19 41 13
19 48 -6
19 54 4
20 71 77
20 77 48
21 49 -45
21 94 32
22 80 -46
22 86 -30
23 53 -74
23 65 -45
24 20 59
24 80 43
25 36 -8
25 91 -49
26 86 60
26 92 31
27 81 -32
28 62 31
29 31 -42
29 78 -43
30 36 62
31 78 45
32 45 60
33 36 74
34 14 -23
34 57 -25
35 59 -42
35 67 -40
35 68 35
35 74 -53
35 75 -46
36 95 53
37 76 39
37 79 31
37 91 -23
38 71 54
39 96 58
40 57 19
41 25 -54
41 60 -79
41 70 4
42 62 -33
43 62 -23
44 62 -49
45 28 -14
45 56 48
46 37 21
47 71 -14
47 100 -34
48 45 48
48 65 18
49 21 55
49 31 16
49 38 52
49 43 54
49 69 22
49 93 -25
50 62 -38
51 81 -12
52 71 53
53 62 -52
53 73 -28
54 14 33
54 57 31
55 9 36
55 51 50
55 53 -23
56 49 -76
57 98 -21
58 81 -86
59 23 28
59 35 -54
59 73 14
60 62 2
61 7 30
61 9 26
61 33 -20
61 50 47
61 95 43
62 35 -78
63 4 49
63 99 45
64 25 -7
64 26 29
64 96 43
65 98 -11
66 77 -33
66 84 -15
67 57 39
68 3 56
68 100 21
69 31 9
70 62 39
71 94 59
72 65 44
73 82 -39
74 62 16
75 62 36
76 19 -4
76 49 -44
76 54 28
77 11 -26
77 45 19
77 68 35
78 60 -72
79 4 44
79 20 36
80 96 -8
81 96 1
82 39 -54
82 76 33
82 82 -3
83 62 -32
84 62 -6
85 17 -91
85 28 -94
86 62 22
87 36 -14
88 18 -7
88 24 17
88 81 -22
88 96 54
89 66 58
89 97 14
89 98 77
90 73 61
91 95 88
92 5 0
92 12 -5
92 15 -22
92 56 10
92 60 -42
93 62 37
94 45 -6
95 62 -36
96 71 63
97 37 38
97 47 91
97 61 55
97 64 85
97 88 14
97 90 23
98 2 -83
98 10 -35
98 52 0
98 89 -34
98 94 -3
99 3 55
99 32 -36
99 47 61
99 72 20
100 65 2
100 100
1 42 -15
2 99 -17
3 15 28
3 70 -35
4 74 -52
4 98 -22
5 8 76
5 12 -7
5 13 26
5 85 13
6 46 36
6 56 -54
6 63 -27
6 87 -13
7 58 -24
8 11 -12
8 23 -97
8 39 -57
9 44 -99
10 42 -49
11 73 -71
12 65 -74
13 7 1
13 77 4
14 65 -23
14 89 43
15 77 8
16 54 -62
16 99 -87
17 1 11
17 61 7
18 44 -56
19 22 13
19 73 -56
19 82 -6
20 21 27
20 28 53
20 32 19
20 44 -30
20 50 -2
20 52 3
20 81 52
21 8 -4
21 19 -22
21 55 -11
21 58 -56
22 77 64
23 14 -50
23 100 -14
24 15 42
24 47 -52
24 68 -30
25 2 49
25 31 32
25 98 -2
26 3 40
26 17 -56
26 22 17
26 25 -27
26 29 -53
26 38 29
26 91 10
26 92 -15
26 96 22
27 11 -12
27 41 -43
27 70 -60
28 20 -2
28 76 20
29 3 6
29 17 -90
30 54 -58
31 42 19
31 80 50
32 1 19
33 4 -59
33 62 1
34 75 -28
35 40 46
35 53 16
35 61 60
35 79 84
36 80 -15
37 54 -37
37 59 19
38 1 31
38 44 -35
38 93 33
39 4 13
40 9 -3
40 95 27
41 42 -9
42 73 -18
43 77 1
44 65 -28
45 18 -63
45 72 16
45 73 -74
45 89 7
46 80 39
47 31 43
48 62 -1
48 78 -70
49 80 13
50 15 41
51 22 43
52 20 -56
53 70 -39
54 75 -45
55 34 16
55 57 -25
56 80 18
58 65 -31
58 79 34
59 33 30
59 45 -8
59 59 46
59 75 -34
59 88 49
59 94 54
59 97 -4
60 34 17
60 77 22
61 78 -37
62 78 -14
62 99 -35
63 85 -73
63 86 -6
64 56 -71
65 30 -26
65 71 -26
65 74 -91
65 76 -49
66 1 37
67 99 -2
68 10 -36
69 9 -19
69 58 -4
70 14 -66
70 20 -56
71 65 -41
72 16 11
72 24 -20
72 27 0
72 57 -19
72 64 54
72 66 7
72 84 25
72 100 16
73 6 40
73 47 -52
73 48 -36
73 83 -23
74 79 47
75 43 -53
75 87 -35
76 42 10
77 11 83
78 5 15
78 6 25
78 35 -40
78 36 -35
78 37 4
78 49 -35
78 51 -34
78 60 -64
78 69 -59
79 77 51
80 7 40
81 6 45
82 80 -9
83 70 32
84 4 30
84 23 -9
85 56 -71
86 10 -8
86 95 -9
87 62 26
88 56 -61
89 61 51
90 99 -41
91 67 -19
91 80 -2
91 86 24
91 90 -42
92 26 -50
92 43 -72
93 42 -17
93 56 -51
94 7 -38
94 10 -48
95 57 -41
96 7 48
97 15 29
98 26 -48
98 75 -84
99 65 -36
100 31 29
100 32 7
100 100
1 37 4
2 72 -16
3 98 -85
4 1 -8
4 50 -2
5 66 18
6 16 35
6 69 8
6 71 -21
7 30 -51
7 56 -46
8 91 7
9 59 67
10 64 -50
11 6 49
11 51 -12
11 58 17
11 59 84
11 67 -8
12 91 13
13 15 -57
13 29 6
14 86 33
15 33 78
15 66 21
15 85 37
15 90 42
16 37 4
17 56 -52
18 10 -51
19 10 16
19 25 5
19 28 42
19 64 0
19 65 26
19 81 -20
20 75 -26
21 76 -61
21 96 -55
22 46 -16
22 54 18
22 91 23
23 10 26
24 24 29
25 45 56
26 19 79
26 24 52
26 30 18
26 49 14
27 78 36
28 56 37
29 42 35
29 72 15
30 17 17
30 62 57
30 84 18
30 88 9
31 91 28
32 54 -43
32 97 -10
33 21 -1
33 79 -70
33 84 -37
34 45 88
34 48 9
34 63 -8
35 78 31
35 87 47
36 52 -80
37 52 -14
37 61 26
38 37 -18
38 43 -59
38 89 -70
39 59 74
40 15 -15
40 50 43
41 41 -44
42 59 55
43 91 -19
44 87 46
45 91 -22
46 38 45
46 74 -40
46 75 -15
47 10 27
48 12 -49
48 43 -47
49 39 36
49 55 41
49 57 -7
49 76 -46
49 80 21
49 83 -40
50 35 -67
50 56 -36
50 91 -39
51 8 8
51 24 27
51 27 -32
51 36 51
52 18 -31
52 22 23
52 31 5
52 60 -44
52 62 47
52 82 -42
52 86 -11
52 99 24
52 100 -4
53 33 6
54 59 16
55 54 -30
56 34 -25
56 40 -1
56 68 -14
56 69 -39
56 75 -57
56 95 -4
57 41 -19
57 92 21
58 9 21
58 12 -14
58 29 71
58 44 69
59 56 3
60 78 -9
61 23 -63
61 63 -85
61 87 -10
62 59 11
63 78 32
64 59 59
65 64 -6
66 78 18
67 4 38
67 64 -31
67 86 -19
68 11 -25
68 32 35
68 66 13
69 33 31
70 59 93
71 7 7
71 41 13
71 47 17
71 55 67
72 33 50
72 73 43
72 77 -45
73 45 61
73 48 -18
74 59 83
75 32 29
75 36 61
76 2 -78
76 37 -34
76 72 -34
77 13 29
77 26 64
77 93 94
77 96 18
77 98 2
78 59 6
79 10 -36
79 16 -3
80 87 -13
81 87 49
82 10 -28
83 5 -17
83 97 4
84 30 23
85 78 28
86 59 3
87 5 36
87 78 49
88 78 41
89 56 16
90 59 16
91 52 -62
91 74 -69
92 86 17
93 77 -1
93 94 38
93 98 -3
94 42 25
94 51 -47
95 87 23
96 41 28
97 14 86
97 20 39
97 61 44
98 3 -23
98 79 -26
98 92 39
99 59 59
100 1 67
100 14 72
100 53 47
100 100
1 22 39
2 2 27
2 14 20
2 22 52
3 9 -26
3 43 -2
3 57 4
3 68 14
4 11 -1
4 54 4
5 4 7
5 5 -16
6 66 0
6 77 53
7 28 -27
7 43 -31
8 2 5
8 27 -48
8 44 2
9 10 -31
9 81 -27
10 15 -54
10 41 -74
11 23 -77
11 36 -57
12 34 -10
12 56 34
12 60 74
12 88 69
13 26 -24
13 35 22
14 32 81
14 36 26
14 65 77
14 91 53
15 28 18
15 75 44
16 30 -20
17 53 50
17 71 62
18 27 -59
19 11 70
20 11 -9
21 55 -68
21 86 26
21 96 -41
22 30 -99
22 72 -63
23 11 -29
24 29 45
25 8 -41
26 12 -34
27 19 8
28 30 -6
29 75 55
30 32 4
31 41 -32
32 15 9
32 46 20
33 37 14
34 30 -85
35 13 -11
35 21 29
36 12 -48
37 12 0
37 31 35
37 98 44
38 27 -27
38 50 5
38 85 41
38 94 -16
39 61 29
39 75 30
40 86 82
41 55 -58
42 37 -47
43 37 -33
44 32 45
44 100 40
45 38 56
45 49 -11
46 40 27
46 53 55
47 7 7
47 46 -8
47 52 -20
48 23 -26
48 71 47
49 55 -5
50 45 -18
50 78 -76
50 94 -70
51 53 -12
52 12 21
52 86 75
53 31 27
53 49 -25
54 9 3
54 42 74
54 48 42
54 60 71
55 36 -6
56 11 -27
57 19 55
57 30 -25
58 6 11
58 16 10
58 47 -39
58 58 25
58 59 35
58 69 23
58 74 -24
58 84 -47
58 99 12
59 86 64
60 61 -10
60 80 -65
61 11 -24
62 60 35
63 77 12
64 30 -50
65 77 24
66 77 6
67 3 19
67 8 1
67 17 10
68 10 6
68 37 10
69 11 68
70 16 6
71 7 7
71 70 -8
72 3 57
72 33 -2
72 62 89
72 72 29
73 5 32
73 63 74
73 70 39
73 73 9
74 94 -60
75 1 42
75 76 62
75 90 -12
75 95 17
76 38 19
76 78 -60
77 24 -21
77 29 -8
77 80 -73
78 66 -25
78 87 42
79 21 -52
79 54 -21
79 83 -54
80 23 -2
81 19 70
81 39 5
81 67 23
81 77 52
81 89 73
81 93 28
81 97 11
82 27 -20
83 11 19
83 25 -26
83 51 -41
83 87 24
83 92 20
84 11 65
85 18 48
85 41 -21
85 100 36
86 32 28
87 11 37
88 4 55
88 16 53
89 66 -48
90 61 36
91 37 -54
91 55 -76
92 29 82
92 40 44
93 26 7
94 77 -34
95 22 87
95 88 81
96 13 -3
96 95 26
97 8 10
97 26 -11
97 79 51
98 20 -26
98 64 -43
98 81 -16
98 82 -11
98 90 -38
99 11 -9
100 54 45
100 100
1 61 16
2 69 54
3 13 22
4 23 -16
5 23 -56
6 32 78
6 39 19
6 79 74
7 23 -96
8 61 35
8 99 -16
9 95 6
10 23 0
11 23 -50
12 6 12
12 17 83
12 18 90
12 20 68
12 66 6
12 77 50
12 98 57
13 77 -6
14 23 -36
15 41 61
15 95 67
16 61 57
17 2 18
17 19 11
17 31 16
17 35 27
17 40 34
17 66 -23
17 86 16
18 87 -31
18 92 -2
19 13 -20
20 52 -12
21 23 -55
22 10 -84
22 24 -51
23 23 -45
24 23 -73
25 11 -19
25 12 -2
25 13 43
25 16 59
25 48 -10
25 78 34
26 85 2
27 23 -94
28 41 33
28 67 3
29 7 36
29 10 -33
29 52 7
30 23 -16
31 23 -22
32 23 -91
33 4 -21
33 21 19
33 61 43
33 90 23
34 21 -7
34 30 -13
34 96 -24
35 95 21
36 23 -27
37 23 -38
38 23 -24
39 43 9
40 23 -70
41 23 -5
42 75 0
42 79 67
42 85 58
43 8 87
43 55 -1
44 1 -86
45 13 -30
45 81 -49
46 44 12
46 59 4
46 77 46
46 94 55
47 61 3
48 95 15
49 23 1
50 69 62
51 5 -34
51 62 9
51 99 -57
52 35 16
53 23 -76
54 25 -32
54 71 -56
54 74 -100
55 71 -43
56 3 -18
56 67 -39
56 85 -16
57 1 -34
57 24 11
57 33 1
57 70 -3
58 71 35
59 37 8
59 69 60
59 80 -28
60 23 -22
61 52 -4
62 23 -52
63 29 5
63 44 5
63 64 68
63 83 75
64 23 -41
65 23 -28
66 22 -52
66 88 -43
66 96 -45
67 23 -21
68 23 -31
69 23 -17
69 53 -8
69 63 62
70 43 14
70 58 48
71 24 29
72 36 8
72 89 65
72 91 43
72 95 64
73 23 -72
74 8 44
74 9 50
74 14 4
74 25 24
74 56 -36
74 65 1
75 1 -93
76 11 -73
76 27 -64
77 51 -24
77 57 2
77 69 33
78 32 -6
78 55 -96
79 23 -89
80 22 -35
80 63 28
81 15 14
81 42 54
81 54 72
81 92 91
81 100 32
82 28 18
82 29 22
82 38 24
82 47 72
82 49 53
82 71 41
82 93 14
83 23 -32
84 23 -12
85 45 -10
85 52 -21
85 91 -8
86 35 18
86 100 -13
87 10 -22
88 68 26
88 72 -6
88 82 11
88 84 -7
88 87 41
89 43 -27
89 73 -18
89 82 -55
90 58 44
91 50 -6
91 80 -86
91 81 -44
91 97 -34
92 5 -47
92 26 -1
92 58 11
92 60 7
92 76 -7
93 61 34
94 95 -7
95 23 -43
96 23 -54
97 10 -42
98 1 -13
98 27 -1
98 34 29
98 46 33
99 23 -62
100 23 -52
100 100
1 47 -31
2 3 19
3 47 -81
4 98 32
5 13 41
5 16 14
5 18 10
5 68 40
5 73 36
5 83 -32
5 95 -11
6 47 3
7 47 -79
8 35 -59
8 36 -52
9 28 -79
9 98 -2
10 30 1
10 75 8
10 80 -79
11 6 -20
11 51 29
12 3 64
13 35 -65
14 58 -26
14 87 -4
15 50 96
15 56 36
16 63 -33
17 47 -50
18 47 -66
19 35 11
19 48 20
19 62 33
19 81 27
20 59 -1
20 74 -43
20 81 -21
21 51 -7
21 90 -78
22 33 -14
22 69 -36
22 88 -47
22 99 -27
23 10 15
23 14 -46
23 19 11
23 26 -39
23 43 -8
23 46 -24
23 53 -46
23 84 1
24 74 -13
25 63 12
26 47 4
27 47 -70
28 98 29
29 29 -35
29 45 -30
29 87 19
30 2 37
30 96 -48
31 47 -25
32 47 7
33 20 -52
34 83 -23
35 28 -42
36 56 -24
36 77 7
37 37 -8
37 60 75
37 84 71
37 98 78
38 21 42
38 71 45
38 85 29
39 47 -53
40 3 9
41 2 85
41 75 98
42 47 -19
43 47 -51
44 36 -73
45 47 9
46 81 -6
47 7 -30
47 12 -63
47 17 -35
47 52 -2
47 66 -79
48 20 -53
49 22 66
49 28 6
49 31 67
49 39 32
49 54 75
49 74 -3
49 94 40
50 27 12
50 63 13
50 76 50
50 80 1
51 5 19
51 8 58
51 9 -13
51 11 7
51 25 32
51 32 53
51 40 45
51 50 74
51 70 4
51 92 57
51 93 62
52 47 -68
53 26 -49
54 58 -23
55 47 -26
56 47 -4
57 1 -2
57 47 -1
57 85 37
58 41 -78
58 63 -72
59 47 -38
60 20 -38
60 38 53
60 77 31
60 86 34
60 89 43
61 47 -70
62 3 58
63 24 -30
63 42 27
63 100 -22
64 15 -38
64 24 -53
64 49 -58
64 90 -41
64 97 -11
65 78 -74
66 3 3
67 47 11
68 26 35
68 96 -8
69 98 61
70 47 -79
71 47 -4
72 18 -19
72 34 -41
72 79 -14
73 84 30
74 17 -31
74 69 -28
75 44 -82
75 45 -73
75 64 -84
75 83 -75
76 47 -35
77 47 -28
78 20 -99
78 55 -15
79 47 -24
80 3 28
80 42 10
81 47 -61
82 47 7
83 61 -11
83 99 -16
84 79 30
85 55 6
85 57 1
85 58 -32
86 7 4
86 23 39
86 78 -32
87 40 -30
87 67 -12
88 3 7
88 41 -56
89 3 -12
90 71 -14
90 78 -71
91 6 -43
91 65 -7
91 67 5
91 72 -83
91 82 -54
91 91 -30
92 47 -10
93 47 -19
94 63 -46
95 35 -27
96 47 -10
97 61 19
97 79 20
98 98 -1
99 47 -53
100 35 -4
100 36 3
100 100
1 68 21
2 61 -21
2 62 -15
2 84 -3
2 95 -25
3 9 -69
3 14 -30
3 37 -75
4 98 -15
5 41 -41
6 10 7
7 21 -5
7 38 -12
8 45 2
8 54 6
9 48 -77
9 85 4
9 89 -64
10 41 -92
10 46 -8
10 81 -47
11 86 -31
12 43 11
12 73 -14
13 20 16
13 23 73
13 33 -10
13 34 37
13 55 67
13 67 80
13 71 43
13 72 47
13 77 55
13 80 -4
14 22 32
14 62 27
15 93 -57
16 86 18
17 13 -15
17 19 12
17 58 40
18 86 12
19 96 -2
20 56 9
21 25 58
21 28 33
21 58 66
21 76 89
22 39 -38
22 98 -59
23 45 -57
23 50 1
23 66 -14
23 82 -17
23 87 -38
23 97 6
24 86 -8
25 86 14
26 71 21
27 14 -8
27 65 -38
28 6 -90
28 46 -7
29 2 -15
29 18 -11
29 31 23
29 32 -31
29 35 -14
29 49 -23
29 64 22
29 98 -7
30 56 -40
31 86 -29
32 86 -74
33 93 -19
33 99 29
34 10 -88
35 89 -12
36 86 -33
37 86 18
38 60 88
39 73 11
39 85 28
40 43 32
40 60 32
41 56 45
41 84 34
42 86 -78
43 86 -29
44 8 37
45 29 28
45 30 19
45 41 -26
46 86 -2
47 52 33
47 56 6
47 63 38
47 75 -47
47 89 -35
47 94 -28
48 70 -19
49 71 -9
50 89 -32
51 30 19
51 99 46
52 62 10
53 38 -12
53 86 1
54 3 -73
54 17 -13
54 37 -65
54 83 -60
55 96 26
56 86 -72
57 3 -43
57 68 26
58 10 9
58 40 1
58 79 18
59 41 -78
60 22 17
60 78 -3
60 92 9
61 96 17
62 98 32
63 89 -23
64 96 0
65 86 -6
66 4 82
66 21 12
66 47 58
66 96 47
66 100 72
67 65 -28
68 6 -83
68 80 -83
68 88 -27
69 37 -40
70 41 -8
71 3 -41
72 24 -95
72 27 -10
72 36 -5
72 51 -23
72 59 -14
72 68 -28
72 91 -30
73 86 -75
74 98 17
75 86 -44
76 7 -14
76 69 -11
77 1 -41
78 89 -19
79 11 53
79 36 63
79 44 32
79 93 0
80 98 -34
81 8 50
81 15 -20
81 42 25
81 69 11
82 96 45
83 86 -67
84 65 -8
84 79 -15
85 86 -37
86 56 48
87 1 -17
87 8 29
88 39 54
88 70 51
89 7 40
89 71 53
90 86 -5
91 16 -66
91 70 -25
91 90 -71
91 96 -29
92 86 -35
93 22 -2
94 8 64
95 1 -13
95 54 -40
96 92 -15
96 97 25
97 86 -5
98 5 69
98 10 -10
98 12 -8
98 26 60
98 57 30
98 64 46
98 74 52
99 13 -21
99 53 -30
99 60 50
100 37 -23
100 100
1 75 46
3 71 79
4 48 9
4 90 16
5 2 42
7 24 28
7 35 -4
8 70 41
8 82 83
9 10 -57
9 41 -34
9 62 -87
10 2 14
10 18 -50
10 80 8
11 9 11
11 21 34
11 43 20
11 86 2
12 25 17
13 66 7
14 15 -85
14 16 -70
14 63 -12
15 13 19
15 66 5
16 8 -20
16 14 -70
16 32 13
16 97 -21
17 6 27
17 28 -37
17 68 5
17 86 -21
18 48 77
18 90 84
18 100 80
19 17 48
19 50 -26
19 79 36
19 83 -12
21 7 -32
22 18 9
22 46 54
22 67 -19
23 31 -12
23 59 -69
23 76 -35
24 61 -27
24 95 -49
25 19 29
25 31 25
26 63 4
26 80 12
26 81 -66
27 96 -10
28 5 48
28 24 38
28 36 26
29 43 -43
29 53 -42
30 52 -24
31 11 -7
32 11 -29
32 34 -65
33 55 12
33 56 -38
33 87 -42
33 90 8
33 99 -46
34 30 -42
34 69 -45
34 85 -36
35 35 -47
36 3 -5
36 12 15
36 30 5
36 32 81
36 53 21
36 66 41
37 4 2
37 10 -8
38 26 89
38 38 32
38 57 28
39 47 21
39 71 81
41 67 -72
41 96 -20
43 5 16
43 38 -38
43 69 -57
44 47 -44
45 57 -44
45 76 -32
45 86 -59
45 92 -31
47 25 63
48 83 -48
48 96 -4
49 57 -58
49 76 -46
49 86 -73
50 33 -38
51 35 -13
52 81 3
52 92 33
52 95 -13
53 17 30
53 55 51
53 92 0
54 4 16
54 43 10
55 13 42
55 90 64
57 39 -28
57 40 26
58 28 -35
58 46 44
58 53 0
59 2 26
59 17 2
59 20 13
59 22 -62
59 68 -30
59 80 20
61 44 -15
63 25 2
63 54 -31
64 23 -96
65 8 15
67 48 24
67 70 -13
68 56 -29
68 68 -32
69 54 15
69 74 -35
70 28 -95
70 57 -64
70 63 -11
70 78 -38
70 99 -58
71 64 -45
72 97 30
73 20 82
73 30 16
73 81 11
73 85 22
74 33 -51
74 81 -72
75 56 -26
75 61 -51
76 21 -32
78 51 3
78 88 12
78 94 -12
79 57 17
79 73 77
79 80 78
80 43 -18
81 44 54
81 55 66
82 6 43
82 72 37
83 75 28
83 85 -41
84 35 33
84 84 76
84 87 27
85 36 66
86 72 -24
86 85 -57
87 78 53
89 43 -24
89 99 -21
90 41 39
90 62 -14
90 81 0
91 13 56
92 17 -19
92 67 -87
94 21 36
94 51 1
94 93 14
95 16 -69
95 33 -60
95 58 -15
95 63 -11
95 81 -81
95 95 -97
96 44 19
96 48 20
96 97 -3
97 20 39
97 30 -27
97 85 -21
99 13 4
99 45 13
99 85 -40
100 100
1 58 -49
3 12 39
3 55 -26
3 79 13
4 67 -3
4 90 26
5 53 80
5 94 8
6 23 -75
6 69 -10
7 48 -51
7 55 -35
7 71 -23
8 5 70
8 47 13
9 16 2
10 2 -45
10 28 9
10 58 -65
10 62 17
10 95 -66
11 47 29
11 59 4
11 82 10
11 95 -5
12 31 15
12 38 -16
14 17 -32
14 32 32
14 85 -30
16 42 54
18 27 -29
19 42 53
20 75 -64
20 94 -43
21 21 -21
21 66 46
22 48 -34
23 71 25
24 54 -33
24 84 -29
24 96 3
26 32 -17
26 80 -65
27 19 39
28 41 -21
28 94 -39
29 55 -42
29 57 -13
29 75 -54
30 94 22
31 32 13
31 39 -1
31 40 9
32 82 -47
33 49 85
33 76 48
33 82 12
33 92 17
35 79 0
36 48 -71
36 86 -3
37 25 34
37 32 5
38 92 -20
39 37 12
40 65 -47
41 45 56
41 72 61
41 89 89
42 34 16
42 99 26
44 29 45
44 46 -2
44 88 58
44 93 56
44 94 -12
45 3 -24
45 92 -57
46 48 -83
46 66 -5
46 67 -30
47 51 -4
47 72 52
49 50 81
50 2 -78
50 31 -12
50 62 -16
50 82 -84
51 2 -58
51 47 -45
52 67 33
52 88 75
52 96 25
54 5 9
54 68 9
55 84 -42
57 30 62
57 46 30
58 25 10
58 57 -38
58 64 -19
59 6 -24
59 7 25
59 68 54
59 93 57
60 29 48
60 67 19
60 88 61
61 39 36
61 77 62
62 24 -16
63 14 17
63 35 -27
63 60 -11
64 24 -41
65 24 -25
65 47 -44
65 63 -39
65 70 -63
66 21 -12
66 63 15
67 2 -50
67 16 12
67 17 -70
68 30 -4
68 33 -53
68 36 28
68 75 -67
68 83 -44
69 9 22
69 15 58
69 73 75
69 80 17
71 70 4
72 11 -21
72 67 18
72 78 -21
73 4 -31
73 21 -48
73 80 -43
74 1 -44
75 97 4
76 64 43
76 79 34
77 2 -78
77 23 -84
77 94 -73
78 2 -62
79 50 25
79 78 -48
80 2 20
80 97 96
81 3 15
81 11 -23
81 29 45
81 64 27
81 77 39
83 10 18
83 16 21
83 19 17
83 34 20
83 79 -6
86 34 -9
87 47 -65
88 1 -47
88 89 32
89 8 53
89 18 52
89 49 73
89 61 11
90 20 1
90 24 42
91 21 -84
92 10 -15
92 29 -12
92 40 -34
93 87 13
93 94 -40
94 85 -79
95 25 77
95 56 27
95 87 62
95 92 3
96 15 -20
96 52 21
96 80 -61
96 83 -50
96 84 -64
97 19 61
97 29 65
97 67 36
97 94 8
98 35 -2
98 51 -8
98 97 84
99 37 -24
99 47 -34
99 92 -48
100 100
1 84 8
2 18 -20
2 35 6
2 47 -53
2 52 -42
2 100 -52
3 84 -1
4 9 44
4 15 82
4 31 30
4 81 -9
5 45 -47
5 93 -13
6 6 -13
6 28 -62
6 65 -76
6 88 -53
7 20 41
7 63 -26
7 92 28
8 13 -38
8 72 -5
9 78 13
9 91 -56
10 94 -49
10 97 -7
11 28 -29
12 1 6
12 60 70
12 67 79
13 32 -38
13 39 -69
13 45 -70
14 26 -30
14 61 -66
15 8 92
15 15 95
16 2 2
16 9 25
17 14 70
17 99 93
18 30 -64
18 35 -26
19 23 -23
20 41 -29
20 84 13
21 87 35
22 3 -3
22 46 -31
22 49 -37
22 80 6
22 93 -29
22 95 -58
23 24 -32
24 20 73
24 38 54
25 84 28
26 64 25
26 85 88
27 59 -11
28 37 -47
28 76 -15
28 79 -29
28 86 1
29 84 5
30 53 95
30 78 71
31 53 55
31 97 20
32 22 -43
33 59 65
33 60 70
33 83 46
33 96 22
34 28 8
35 38 -16
35 43 -80
36 41 -10
37 94 -3
38 12 -30
38 34 57
38 50 -23
38 51 -2
38 85 64
39 84 -30
40 78 9
41 61 8
41 71 5
41 82 60
42 5 26
42 17 14
42 40 -19
42 42 44
42 74 28
42 87 1
43 23 44
43 65 -14
44 24 22
44 36 -2
44 66 73
45 18 -16
45 64 -21
46 4 -40
46 26 -49
46 44 -67
47 11 -1
47 73 -58
47 77 19
47 87 -30
47 98 -5
48 59 -11
49 87 -24
50 97 -16
51 41 -3
51 57 24
52 8 64
53 57 32
53 94 7
54 22 -39
55 33 32
55 67 31
55 70 -45
56 46 42
56 56 17
56 77 95
57 97 9
58 2 14
58 99 77
59 36 -86
59 37 -62
59 48 -30
59 54 -7
59 68 -44
60 44 18
61 2 23
62 30 -59
62 72 -12
63 23 -28
63 90 -69
64 9 8
65 77 20
66 37 -23
67 36 -32
68 19 -16
68 62 -45
69 55 -53
69 74 -11
70 28 1
71 41 -43
72 94 -26
73 84 -31
74 7 62
74 22 28
75 97 56
76 85 52
77 84 9
78 22 -41
78 24 -58
79 12 -62
79 33 38
80 13 11
80 76 39
81 27 13
81 32 27
81 90 2
82 44 -33
83 44 -42
84 7 18
84 16 14
84 44 -41
84 58 10
84 89 3
85 14 -1
86 41 -57
87 14 57
87 25 -11
87 82 42
88 84 41
89 8 36
89 43 -56
89 75 33
90 2 -11
91 10 24
91 28 -17
91 59 50
92 84 -21
93 19 0
93 29 13
93 69 -25
93 91 -65
94 7 21
95 21 -72
95 55 -54
95 62 -51
96 91 -62
97 84 8
98 2 -51
99 84 14
100 90 -66
100 100
1 78 8
2 81 3
3 4 66
3 81 46
4 30 -22
4 35 26
5 3 -28
6 7 23
6 17 33
6 68 20
7 23 70
8 35 19
8 36 13
8 94 -13
9 33 -16
9 41 -28
9 64 13
10 5 58
11 97 -20
12 13 49
13 97 -32
14 9 9
14 13 4
14 51 10
14 65 33
14 88 -2
14 93 -21
15 97 -12
16 16 -57
16 45 -10
17 41 9
18 13 53
19 76 35
19 83 -27
20 38 9
21 12 -28
22 1 -80
22 53 -34
22 75 -14
23 23 47
23 63 30
23 87 25
24 97 -47
25 35 41
26 13 56
26 72 7
26 99 75
27 41 39
28 78 26
29 13 5
30 3 -70
30 66 -71
30 78 -31
30 92 8
31 65 10
31 90 -14
32 96 -22
33 38 -33
33 82 -74
34 13 -14
35 27 -66
35 32 -65
35 39 -50
35 57 -45
35 62 -22
35 70 -78
35 73 -10
35 86 -73
35 91 -51
36 29 34
37 98 38
38 71 -33
38 90 16
39 72 -22
39 76 46
40 98 42
41 5 43
41 41 -11
41 46 4
42 29 36
43 67 -52
44 23 85
45 3 -49
45 81 -20
46 82 14
47 4 4
48 16 -71
49 41 24
50 35 -20
51 19 37
51 22 -21
51 29 19
52 22 -1
53 78 -3
54 65 94
55 67 3
56 5 44
56 25 14
56 56 24
56 67 -42
57 70 -81
58 63 21
59 41 -27
60 64 -17
61 2 7
62 2 -9
62 10 11
62 97 4
63 41 1
64 41 -6
65 40 -25
65 53 -25
66 63 61
67 12 -32
67 50 -28
68 13 31
69 43 -41
69 71 -67
69 85 -73
69 89 -33
70 45 -23
70 55 -33
70 78 -36
71 8 -52
71 20 6
71 42 -32
71 69 7
71 79 -21
72 58 12
72 70 -47
73 17 7
73 30 -84
74 15 56
74 18 25
74 23 65
74 95 -8
74 98 50
75 44 4
75 98 38
76 22 15
76 60 89
76 61 77
77 31 -29
77 48 -27
77 54 -88
77 59 -1
77 96 -64
78 67 -70
78 74 -27
79 50 -78
79 64 -1
80 97 -59
81 40 -24
81 63 -4
82 1 -77
82 61 -7
82 84 -79
83 78 -28
84 11 55
84 12 -13
84 44 29
84 47 14
85 4 -2
86 2 -49
87 30 -16
88 8 -90
88 21 -17
88 74 -39
88 80 -73
89 34 30
89 96 29
89 97 22
90 98 -17
91 4 11
91 6 -47
91 42 -35
91 49 39
92 37 -49
92 82 -45
92 89 -2
93 64 83
94 30 -28
95 64 51
96 14 -14
96 16 -42
96 24 -33
96 26 34
96 100 -55
97 7 28
97 86 -50
98 2 -15
98 58 32
99 26 55
99 38 13
99 52 -12
100 28 19
100 36 46
100 77 45
100 83 26
100 100
1 38 46
1 87 1
2 37 -26
2 90 -50
3 14 41
3 55 46
4 24 10
4 44 36
4 67 56
4 69 -30
5 69 -25
5 74 -36
7 29 4
8 12 39
8 41 32
9 90 7
10 7 48
10 26 41
10 88 -30
12 3 1
12 39 57
13 47 -22
13 65 -4
13 76 -81
13 88 -82
14 17 -36
14 79 25
15 23 -5
15 45 26
16 37 39
16 38 73
16 52 -17
16 66 -9
16 68 27
17 27 21
17 72 17
19 38 76
21 6 -61
21 60 4
21 72 -59
22 22 -28
22 29 -34
22 44 1
23 89 -6
23 95 -26
24 96 -47
25 9 -33
25 20 20
25 24 6
26 30 27
27 9 -3
28 94 21
29 3 -22
29 32 -23
29 84 10
29 97 6
30 46 26
30 71 -48
30 86 -33
31 72 -78
32 6 -37
32 16 29
32 30 19
32 91 -40
33 47 11
34 6 -66
37 5 3
37 10 -31
37 60 28
38 37 11
39 35 21
39 70 58
40 92 -72
41 11 -2
41 27 15
41 29 37
43 1 -8
43 34 -1
43 88 -72
44 63 1
45 21 37
45 23 43
46 62 -41
47 9 4
47 81 53
48 54 57
48 65 63
48 91 -16
48 95 31
49 44 59
50 54 40
50 67 53
50 77 -38
51 43 -63
51 76 -50
53 86 -52
54 35 -31
54 97 -4
55 8 -20
55 32 -20
55 73 18
55 79 14
55 89 25
56 5 -42
56 19 -44
56 59 1
56 89 -18
56 98 -85
57 73 29
58 10 -56
59 10 7
60 52 -64
60 77 -63
62 67 82
63 84 2
64 1 18
64 4 -21
64 23 -13
64 35 -23
64 52 -53
64 55 32
64 75 11
65 28 5
65 31 -29
65 84 -27
65 92 -68
66 54 -2
66 74 -86
67 62 14
67 86 14
68 1 69
68 18 88
68 54 77
68 89 71
69 8 -22
72 78 -16
73 36 8
73 95 4
74 25 8
74 36 6
74 79 11
75 1 8
75 9 -56
75 72 -52
76 32 30
76 44 74
76 70 69
76 82 85
76 96 11
77 53 -33
77 99 -97
78 10 16
78 31 60
78 57 89
78 82 84
80 21 -59
80 80 -82
80 90 -61
81 13 -33
81 41 5
81 91 -62
82 96 -68
83 27 -64
84 15 10
84 39 15
84 81 -14
86 34 61
86 62 -2
87 40 -16
87 72 -18
87 87 16
88 27 9
88 78 28
89 43 -20
90 16 6
90 62 -54
90 92 -49
91 5 31
91 27 -3
91 38 72
91 72 -7
92 23 30
92 78 24
92 85 21
93 16 5
94 27 -23
94 99 -43
95 33 2
95 64 -59
95 74 -59
96 45 37
96 60 40
96 75 30
97 6 -63
97 52 -72
97 65 13
98 10 -5
100 26 -2
100 74 -85
100 100
1 12 25
1 51 -27
1 56 -6
1 67 10
2 36 24
2 59 24
5 33 -48
5 65 -62
6 93 -56
6 96 -88
7 36 90
8 17 24
8 65 -19
9 41 0
10 3 23
11 12 25
11 47 28
11 77 13
11 83 -18
11 84 16
11 99 -37
12 21 67
12 51 -5
12 71 -6
12 100 36
13 78 60
13 88 -3
14 9 -61
14 53 -61
16 36 37
16 49 -37
17 77 63
20 20 -47
21 37 8
21 59 34
22 50 -12
23 56 39
23 94 91
24 18 10
24 30 -58
24 36 36
24 38 -37
25 25 -16
25 36 75
25 58 50
25 70 -4
26 18 10
26 45 -7
26 55 -41
27 37 53
27 46 23
27 97 22
28 61 30
29 28 74
30 11 40
30 72 62
31 91 13
31 94 32
32 90 18
33 12 75
33 19 24
33 22 89
33 27 54
34 29 66
34 90 19
35 88 17
36 4 -3
37 47 9
37 64 -52
38 4 11
38 83 -6
39 8 44
39 44 16
40 62 11
41 34 41
41 95 77
42 3 11
42 25 -11
43 36 51
43 37 25
44 8 -17
44 9 -47
44 67 -25
44 69 -40
45 91 76
46 42 -14
46 71 -41
46 76 9
46 99 -50
47 19 -59
47 38 -62
47 45 -32
47 71 -61
49 41 19
49 92 0
50 64 -78
50 95 -6
51 21 59
51 52 30
52 46 -62
52 73 -11
53 81 -67
54 16 -9
54 35 -50
54 85 -12
55 3 4
55 79 26
56 83 -49
57 34 -12
57 43 -43
57 89 -56
58 25 0
58 38 18
60 95 39
61 25 -81
61 48 -35
62 10 9
62 37 23
63 64 -27
64 48 9
64 80 -32
64 92 18
65 57 -28
65 83 -9
66 32 -51
67 29 77
67 46 15
68 50 -62
68 66 -44
69 4 9
69 30 -40
69 60 26
69 61 45
70 14 20
70 46 23
70 47 63
70 76 57
71 46 -22
71 76 12
72 10 -38
73 21 37
73 49 -38
73 65 -25
75 78 50
76 95 11
78 53 33
78 70 10
79 2 -48
79 8 -12
79 42 -31
79 64 -63
79 98 -57
80 2 -30
80 6 12
80 14 -27
80 100 2
81 21 76
81 28 58
82 25 -50
82 98 -30
84 18 -32
84 91 -23
85 13 55
85 95 71
86 68 -8
86 89 -71
88 16 3
88 23 13
88 77 -21
88 93 -42
89 65 24
89 67 51
90 11 61
90 59 89
91 1 -33
91 72 0
91 89 -79
93 13 62
93 34 42
93 72 77
93 76 61
93 84 55
94 19 -27
94 34 2
94 65 -18
95 84 24
96 3 -24
96 57 -36
96 84 17
97 23 22
97 38 -54
97 55 -58
98 12 56
98 28 58
98 86 -15
99 82 -48
100 10 -8
100 48 -13
100 55 -45
100 100
1 63 -28
2 62 -29
3 28 -19
4 79 -5
5 15 -9
5 31 -9
5 89 41
6 50 59
7 24 43
7 91 -4
8 21 21
9 31 38
10 9 28
11 39 37
11 44 32
11 55 40
12 25 -9
12 85 19
13 17 -24
13 60 20
13 67 -16
14 88 6
15 21 -33
16 80 -6
17 63 -5
18 5 -65
19 88 39
19 92 58
20 17 -17
21 88 -3
22 12 -93
23 39 5
24 86 81
25 1 -36
25 77 41
26 55 65
26 80 -25
27 31 -20
28 28 -56
28 79 -56
29 87 49
29 96 79
30 64 -51
30 65 -1
30 75 -34
31 24 43
32 25 26
33 3 -55
33 10 -48
33 71 0
34 39 56
34 50 55
35 21 -3
36 32 -56
36 35 -2
36 69 18
36 77 28
36 90 -50
36 91 -10
37 62 -12
38 92 0
39 9 28
40 62 -10
41 94 -7
42 39 32
43 63 -77
43 87 -33
44 23 24
44 50 20
45 41 19
45 59 -24
46 7 -10
46 14 -4
46 24 70
46 27 33
46 46 36
46 47 -11
46 48 -8
46 56 65
46 72 14
46 99 -15
47 21 -74
48 86 81
49 1 -13
49 49 40
50 21 -24
50 52 -32
50 85 21
51 25 13
52 28 -60
53 31 -35
54 40 4
54 86 32
55 17 -59
55 34 -6
55 93 -6
55 97 19
56 3 -36
56 10 -29
57 65 77
57 81 40
58 71 36
59 18 0
59 40 -30
59 51 -89
59 62 -66
59 98 -15
59 100 -53
60 28 -59
61 62 -57
62 80 -29
62 94 7
63 23 33
64 28 -10
65 13 33
65 16 53
65 92 69
65 96 91
66 9 -10
67 49 55
68 5 -45
68 88 4
69 77 -8
70 9 9
70 28 -19
70 30 1
70 43 -32
70 54 51
71 5 2
71 23 86
72 6 -55
72 8 -54
72 20 31
72 26 -49
72 33 -34
72 37 -61
72 53 35
72 57 33
72 58 -22
72 63 -42
72 68 29
72 73 -63
72 74 11
72 78 -6
72 82 22
72 83 -48
72 84 -27
72 95 -22
73 76 -24
74 12 5
74 45 33
75 41 51
75 42 70
75 81 50
76 4 -18
76 11 7
76 12 -83
76 29 -87
76 36 -36
77 21 5
77 22 30
77 70 70
77 94 16
78 80 -29
79 92 -12
80 19 -38
80 59 -68
80 62 -47
81 65 83
82 45 -26
82 86 34
83 17 -51
84 76 -11
84 93 42
85 63 -12
86 31 -57
87 93 -11
88 31 -27
88 67 -58
89 49 49
89 64 22
90 3 -24
91 15 18
91 79 8
92 88 8
93 2 31
93 9 37
93 71 79
94 11 11
94 25 -43
94 66 -41
95 45 -62
96 17 -66
97 47 -25
97 61 31
97 76 -41
98 1 -46
99 5 -74
100 12 4
100 100
3 87 50
4 13 -1
4 24 -36
4 49 -33
4 79 4
6 28 66
6 49 40
7 37 6
7 57 -63
7 66 25
7 93 -50
8 6 -3
8 33 -41
8 64 14
8 85 21
9 11 -53
9 33 -51
9 38 -24
9 42 -15
9 78 26
10 34 12
10 100 22
11 64 19
11 69 -5
12 31 -28
12 52 -42
13 56 -47
13 60 -15
13 64 1
15 18 -34
15 36 -18
15 74 -38
17 22 21
17 36 -33
17 45 24
17 71 29
18 29 29
18 38 -22
18 77 -57
19 22 14
19 40 -44
19 43 -46
19 70 16
20 26 39
21 7 28
21 39 53
21 61 -17
21 81 -20
21 83 -14
23 57 -25
24 74 -87
25 55 55
25 73 47
25 94 -27
26 10 -13
26 47 -79
26 94 -85
27 2 -42
27 54 23
27 55 38
28 8 -90
29 10 -6
29 21 21
29 36 -56
30 62 -75
31 41 64
32 55 28
33 50 -62
34 40 18
34 43 16
34 69 45
34 85 76
34 88 40
35 47 2
35 63 84
35 90 2
36 27 -61
36 86 -61
37 83 -57
37 100 21
39 61 0
39 91 7
39 100 81
40 84 -85
40 95 4
42 72 -33
42 73 -17
43 95 31
44 58 -22
44 81 -44
45 18 -44
46 19 4
46 44 -86
46 63 -3
47 27 -64
47 54 -20
48 31 0
48 97 -34
49 20 -30
49 94 -43
51 14 34
51 34 41
52 60 -38
52 83 -80
54 17 -14
55 2 -51
55 77 -47
56 4 45
56 13 48
56 50 -20
56 61 -19
56 73 47
58 5 -52
58 97 -26
60 12 -43
60 54 23
60 58 -17
60 73 30
61 5 -54
61 25 -28
61 37 22
61 46 -38
62 20 -52
62 85 11
64 60 -8
64 77 -55
65 27 -73
65 31 -32
66 57 6
66 97 25
67 10 8
67 29 28
68 31 5
69 27 3
69 46 0
70 67 2
70 88 16
71 53 -4
71 81 -47
71 90 -46
73 37 22
73 67 -32
74 22 73
74 78 88
75 3 -38
75 20 -25
75 51 41
75 54 29
75 68 42
76 14 -10
77 31 47
77 66 82
78 1 86
78 23 -8
79 1 64
79 63 52
79 84 -28
80 24 -10
81 1 35
81 2 -63
81 19 30
82 30 8
82 55 34
82 83 -37
83 37 -7
83 68 -7
84 10 52
85 50 -27
86 47 4
87 77 -80
87 89 11
88 2 -52
89 4 -18
89 12 -89
89 18 -84
89 32 -75
89 36 -68
89 64 -21
90 4 53
90 24 21
91 5 -22
91 16 49
91 34 53
91 46 -6
92 31 -36
93 83 -87
94 14 31
94 41 24
95 44 -81
95 47 -80
95 83 -75
95 88 -46
96 1 68
96 55 50
97 54 62
98 76 -34
99 99 -53
100 75 1
100 85 9
0 0
