100 100
1 33 -100
2 33 -100
3 33 -100
4 33 -100
5 33 -100
6 33 -100
7 33 -100
8 33 -100
9 33 -100
10 33 -100
11 33 -100
12 33 -100
13 33 -100
14 33 -100
15 33 -100
16 33 -100
17 33 -100
18 33 -100
19 33 -100
20 33 -100
21 33 -100
22 33 -100
23 33 -100
24 33 -100
25 33 -100
26 33 -100
27 33 -100
28 33 -100
29 33 -100
30 33 -100
31 33 -100
32 33 -100
33 33 -100
34 33 -100
35 33 -100
36 33 -100
37 33 -100
38 33 -100
39 33 -100
40 33 -100
41 33 -100
42 33 -100
43 33 -100
44 33 -100
45 33 -100
46 33 -100
47 33 -100
48 33 -100
49 33 -100
50 33 -100
51 33 -100
52 33 -100
53 33 -100
54 33 -100
55 33 -100
56 33 -100
57 33 -100
58 33 -100
59 33 -100
60 33 -100
61 33 -100
62 33 -100
63 33 -100
64 33 -100
65 33 -100
66 33 -100
67 33 -100
68 33 -100
69 33 -100
70 33 -100
71 33 -100
72 33 -100
73 33 -100
74 33 -100
75 33 -100
76 33 -100
77 33 -100
78 33 -100
79 33 -100
80 33 -100
81 33 -100
82 1 -100
82 2 -100
82 3 -100
82 4 -100
82 5 -100
82 6 -100
82 7 -100
82 8 -100
82 9 -100
82 10 -100
82 11 -100
82 12 -100
82 13 -100
82 14 -100
82 15 -100
82 16 -100
82 17 -100
82 18 -100
82 19 -100
82 20 -100
82 21 -100
82 22 -100
82 23 -100
82 24 -100
82 25 -100
82 26 -100
82 27 -100
82 28 -100
82 29 -100
82 30 -100
82 31 -100
82 32 -100
82 33 -100
82 34 -100
82 35 -100
82 36 -100
82 37 -100
82 38 -100
82 39 -100
82 40 -100
82 41 -100
82 42 -100
82 43 -100
82 44 -100
82 45 -100
82 46 -100
82 47 -100
82 48 -100
82 49 -100
82 50 -100
82 51 -100
82 52 -100
82 53 -100
82 54 -100
82 55 -100
82 56 -100
82 57 -100
82 58 -100
82 59 -100
82 60 -100
82 61 -100
82 62 -100
82 63 -100
82 64 -100
82 65 -100
82 66 -100
82 67 -100
82 68 -100
82 69 -100
82 70 -100
82 71 -100
82 72 -100
82 73 -100
82 74 -100
82 75 -100
82 76 -100
82 77 -100
82 78 -100
82 79 -100
82 80 -100
82 81 -100
82 82 -100
82 83 -100
82 84 -100
82 85 -100
82 86 -100
82 87 -100
82 88 -100
82 89 -100
82 90 -100
82 91 -100
82 92 -100
82 93 -100
82 94 -100
82 95 -100
82 96 -100
82 97 -100
82 98 -100
82 99 -100
82 100 -100
83 33 -100
84 33 -100
85 33 -100
86 33 -100
87 33 -100
88 33 -100
89 33 -100
90 33 -100
91 33 -100
92 33 -100
93 33 -100
94 33 -100
95 33 -100
96 33 -100
97 33 -100
98 33 -100
99 33 -100
100 33 -100
100 100
1 28 18
1 62 -29
2 47 77
2 56 85
3 61 -29
3 89 4
4 36 39
4 61 -5
5 83 34
5 100 10
6 76 -57
6 98 -42
7 35 -85
7 86 -58
8 48 11
8 79 5
9 51 29
9 92 -20
10 69 -59
10 71 -76
11 58 2
11 82 -29
12 38 22
12 60 47
13 23 36
13 67 -32
14 27 19
14 63 31
15 23 -5
15 51 20
16 13 40
16 43 56
17 21 8
17 96 11
18 7 -4
18 68 5
19 45 -38
19 59 -29
20 32 -4
20 50 -4
21 41 -48
21 88 -77
22 9 32
22 74 63
23 22 -9
23 72 -45
24 3 32
24 71 -4
25 20 -6
25 79 -13
26 58 92
26 75 59
27 19 -58
27 25 -30
28 10 85
28 16 34
29 8 -32
29 65 1
30 14 -11
30 43 27
31 6 38
31 95 -26
32 48 -34
32 67 -88
33 15 41
33 99 3
34 77 27
34 99 10
35 15 84
35 40 39
36 84 72
36 98 37
37 18 12
37 93 -2
38 5 -5
38 12 22
39 6 19
39 9 -16
40 11 -8
40 72 -4
41 20 -6
41 68 -2
42 24 26
42 80 70
43 39 2
43 66 -11
44 73 47
44 94 -13
45 64 67
45 74 68
46 2 42
46 85 40
47 87 -7
47 97 -56
48 46 32
48 91 -24
49 19 -25
49 100 29
50 29 0
50 70 32
51 36 14
51 38 -18
52 27 15
52 88 -29
53 73 24
53 80 2
54 35 -83
54 44 -4
55 78 -9
55 97 -1
56 25 -14
56 30 -41
57 12 55
57 95 15
58 30 -36
58 81 -13
59 54 -10
59 85 2
60 54 56
60 69 31
61 44 82
61 70 77
62 14 -34
62 26 -64
63 11 14
63 31 -19
64 4 2
64 96 -76
65 39 21
65 75 22
66 24 2
66 64 62
67 33 -1
67 53 -6
68 33 -13
68 40 12
69 76 -18
69 90 -9
70 1 -59
70 93 -48
71 41 -34
71 57 -13
72 3 32
72 53 -8
73 8 -21
73 52 -11
74 45 24
74 86 1
75 28 0
75 82 0
76 34 43
76 81 20
77 5 38
77 46 60
78 52 -14
78 83 4
79 16 -42
79 78 -52
80 17 -38
80 49 -10
81 2 70
81 37 93
82 29 -26
82 55 -65
83 49 26
83 91 -12
84 42 -49
85 59 -8
85 84 -6
86 56 71
86 66 30
87 32 -39
87 65 17
88 4 60
88 34 13
89 21 8
89 60 41
90 31 -12
90 77 39
91 57 14
91 62 -20
92 13 32
92 92 23
93 18 -9
93 94 -23
94 22 67
94 50 11
95 1 -55
95 37 16
96 10 14
96 89 -26
97 87 14
97 90 -37
98 17 -23
98 63 19
99 7 3
99 47 35
100 26 -41
100 55 -30
100 100
1 85 44
1 92 -47
2 61 -36
2 68 -13
3 8 -53
3 41 -3
4 3 87
4 60 93
5 92 -31
5 93 29
6 15 -2
6 31 -18
7 44 -8
7 78 17
8 24 94
8 36 45
9 32 50
9 87 51
10 43 -3
10 76 -48
11 9 -50
11 26 45
12 86 42
12 89 21
13 11 -34
13 68 36
14 28 2
14 81 -6
15 4 -9
15 52 -19
16 34 -46
16 95 -47
17 42 9
17 46 55
18 28 43
18 35 21
19 55 8
19 58 -4
20 1 51
20 90 54
21 91 -58
21 97 -23
22 99 -3
22 100 -6
23 8 2
23 79 -2
24 18 2
24 53 31
25 82 34
25 94 13
26 38 -74
26 47 -64
27 52 -24
27 62 18
28 3 10
28 21 1
29 51 -9
29 57 1
30 37 -10
30 75 40
31 27 26
31 96 31
32 12 -16
32 13 -37
33 4 -19
33 69 -53
34 6 41
34 22 9
35 10 78
35 75 56
36 64 51
36 86 20
37 7 -26
37 70 35
38 2 -25
38 37 -2
39 35 23
39 71 35
40 23 -9
40 93 19
41 49 -5
41 84 -60
42 26 33
42 59 -39
43 50 33
43 61 53
44 54 -33
44 78 -1
45 24 50
45 25 -41
46 20 -46
46 89 -33
47 13 -26
47 91 -26
48 7 12
48 90 58
49 1 20
49 99 14
50 17 -49
50 57 -67
51 14 15
51 51 -3
52 5 74
52 74 -17
53 30 51
53 73 -10
54 45 9
54 100 -40
55 6 74
55 60 73
56 16 36
56 43 -2
57 18 51
57 49 46
58 72 -14
58 88 -73
59 10 80
59 83 57
60 19 -32
60 65 -54
61 14 -47
61 84 -75
62 44 44
62 80 50
63 46 47
63 66 -13
64 11 -78
64 88 -79
65 29 77
65 42 29
66 25 -88
66 96 -18
67 65 -43
67 72 10
68 40 -17
68 53 34
69 29 50
69 58 -15
70 73 -63
70 98 -40
71 5 5
71 40 -52
72 47 -48
72 76 -67
73 22 -10
73 83 1
74 15 20
74 62 81
75 66 7
75 74 -19
76 67 71
76 79 -9
77 48 -62
77 56 -67
78 63 62
78 98 30
79 16 22
79 94 -32
80 27 1
80 81 -27
81 21 55
81 64 57
82 56 -67
82 97 -25
83 31 -29
83 45 66
84 32 6
84 77 -49
85 20 -2
85 71 25
86 12 -44
86 39 -19
87 30 66
87 95 14
88 48 -13
88 87 33
89 36 10
89 39 24
90 50 -50
90 63 -8
91 33 -75
91 34 -51
92 69 13
92 85 91
93 38 -64
93 41 -8
94 55 -41
94 77 -75
95 33 -31
96 9 -25
96 54 39
97 23 7
97 80 50
98 2 -85
98 17 -48
99 59 -35
99 82 -3
100 19 -47
100 67 13
100 100
1 23 -42
1 86 -36
2 54 -16
2 95 6
3 63 55
3 88 16
4 11 51
4 17 51
5 7 9
5 75 -10
6 45 -88
6 57 -83
7 29 -46
7 75 -43
8 28 -19
8 49 6
9 45 -2
9 76 37
10 61 -16
10 62 -23
11 32 -26
11 51 3
12 37 23
12 68 42
13 18 8
13 36 3
14 49 -14
14 81 -61
15 11 19
15 27 5
16 40 37
16 77 4
17 27 8
17 98 10
18 3 -36
18 10 -20
19 8 -79
19 44 -43
20 74 -72
20 98 -20
21 71 8
21 99 -1
22 21 -22
22 22 37
23 19 -18
23 96 51
24 2 33
25 15 8
25 73 7
26 31 69
26 70 53
27 20 -43
27 88 -51
28 21 -27
28 86 -37
29 1 -11
29 89 27
30 12 30
30 63 27
31 39 11
31 79 62
32 38 -14
32 64 37
33 59 47
33 64 52
34 26 4
34 34 -61
35 46 -35
35 69 9
36 68 24
36 91 53
37 30 32
37 66 61
38 30 16
38 65 80
39 4 40
39 19 -23
40 54 -61
40 85 -57
41 52 -12
41 91 59
42 35 -35
42 67 8
43 44 15
43 67 28
44 40 5
44 92 -26
45 66 63
45 89 62
46 84 35
46 97 -7
47 72 -30
47 80 -64
48 29 -23
48 95 -18
49 15 -22
49 47 -23
50 14 24
50 97 -9
51 5 12
51 76 -12
52 14 46
52 48 -5
53 9 28
53 94 4
54 13 -5
54 93 15
55 10 5
55 100 -6
56 55 14
56 58 31
57 9 10
57 60 -5
58 41 26
58 78 49
59 81 -11
59 94 30
60 6 -20
60 46 -11
61 74 -52
61 77 -30
62 23 1
62 84 75
63 3 1
63 5 23
64 8 -49
64 73 9
65 25 65
65 99 11
66 37 35
66 51 24
67 57 -81
67 90 -11
68 34 -35
68 85 -43
69 24 -1
69 26 81
70 12 13
70 31 4
71 20 -24
71 33 6
72 4 62
72 7 58
73 43 -8
73 96 -15
74 39 -21
74 43 9
75 22 65
75 50 30
76 28 -61
76 92 -66
77 33 65
77 55 16
78 38 4
78 62 18
79 17 51
79 80 20
80 56 82
80 61 50
81 1 8
81 56 69
82 69 -3
82 90 3
83 36 -29
83 82 -46
84 59 -12
84 78 -38
85 18 -6
85 53 -33
86 79 68
86 87 28
87 42 -82
87 82 -59
88 25 -6
88 41 -45
89 13 35
89 83 68
90 35 -64
90 53 -57
91 16 34
91 52 15
92 6 -59
92 48 -63
93 32 -12
93 70 38
94 72 -28
94 83 -5
95 16 -32
95 50 -24
96 42 -5
96 100 46
97 24 -68
97 71 -61
98 87 -38
98 93 -20
99 58 16
99 60 30
100 47 2
100 65 33
100 100
1 85 -1
2 85 -22
3 85 -25
4 85 43
5 85 4
6 85 -38
7 85 -9
8 85 -34
9 85 40
10 85 -18
11 85 45
12 85 19
13 85 13
14 85 -7
15 85 46
16 85 28
17 85 46
18 85 -34
19 85 37
20 85 23
21 85 -25
22 85 2
23 85 -27
24 85 -2
25 85 29
26 85 5
27 85 -18
28 85 40
29 85 -50
30 85 -22
31 85 -17
32 85 -39
33 85 -35
34 85 -36
35 85 46
36 85 39
37 85 49
38 85 30
39 85 -8
40 85 25
41 85 23
42 85 47
43 85 -10
44 85 -37
45 85 -14
46 85 -25
47 85 -4
48 85 -28
49 85 -7
50 85 -3
51 85 -17
52 85 -50
53 85 17
54 85 -5
55 85 31
56 85 4
57 85 34
58 85 -48
59 85 47
60 85 42
61 85 15
62 85 45
63 85 18
64 85 13
65 85 29
66 85 40
67 85 -26
68 1 -23
68 2 -20
68 3 -74
68 4 -45
68 5 -8
68 6 -73
68 7 0
68 8 -55
68 9 19
68 10 -61
68 11 -45
68 12 -75
68 13 -68
68 14 -22
68 15 12
68 16 14
68 17 -71
68 18 -25
68 19 -15
68 20 -65
68 21 -64
68 22 10
68 23 -25
68 24 -22
68 25 -41
68 26 -41
68 27 -40
68 28 -27
68 29 -1
68 30 -8
68 31 -42
68 32 -76
68 33 -77
68 34 -26
68 35 -78
68 36 -57
68 37 -4
68 38 -60
68 39 -14
68 40 -35
68 41 10
68 42 -60
68 43 -59
68 44 -77
68 45 -13
68 46 -22
68 47 -48
68 48 -66
68 49 -3
68 50 -37
68 51 19
68 52 -51
68 53 -24
68 54 -27
68 55 5
68 56 -72
68 57 -64
68 58 -58
68 59 -25
68 60 2
68 61 1
68 62 -61
68 63 2
68 64 -72
68 65 10
68 66 -66
68 67 -22
68 68 -13
68 69 -43
68 70 -35
68 71 -60
68 72 -38
68 73 -70
68 74 -68
68 75 17
68 76 -23
68 77 -33
68 78 -50
68 79 -59
68 80 -50
68 81 -1
68 82 -75
68 83 1
68 84 -15
68 85 -29
68 86 -35
68 87 -21
68 88 -41
68 89 -37
68 90 10
68 91 -36
68 92 21
68 93 -9
68 94 -11
68 95 -34
68 96 -8
68 97 -49
68 98 -27
68 99 -37
68 100 5
69 85 25
70 85 30
71 85 8
72 85 -48
73 85 -28
74 85 -48
75 85 17
76 85 -15
77 85 -43
78 85 -45
79 85 -24
80 85 37
81 85 0
82 85 -12
83 85 -32
84 85 28
85 85 -16
86 85 -12
87 85 44
88 85 43
89 85 -7
90 85 -10
91 85 -18
92 85 -44
93 85 31
94 85 49
95 85 6
96 85 7
97 85 -42
98 85 -15
99 85 17
100 85 39
100 100
1 48 -100
2 48 -100
3 48 -100
4 48 -100
5 48 -100
6 48 -100
7 48 -100
8 48 -100
9 48 -100
10 48 -100
11 48 -100
12 48 -100
13 48 -100
14 48 -100
15 48 -100
16 48 -100
17 48 -100
18 48 -100
19 48 -100
20 48 -100
21 48 -100
22 48 -100
23 48 -100
24 48 -100
25 48 -100
26 48 -100
27 48 -100
28 48 -100
29 48 -100
30 48 -100
31 48 -100
32 48 -100
33 48 -100
34 48 -100
35 48 -100
36 48 -100
37 48 -100
38 48 -100
39 48 -100
40 48 -100
41 48 -100
42 48 -100
43 48 -100
44 48 -100
45 48 -100
46 48 -100
47 48 -100
48 48 -100
49 48 -100
50 48 -100
51 48 -100
52 48 -100
53 48 -100
54 48 -100
55 48 -100
56 48 -100
57 48 -100
58 48 -100
59 48 -100
60 48 -100
61 48 -100
62 48 -100
63 48 -100
64 48 -100
65 48 -100
66 48 -100
67 48 -100
68 48 -100
69 48 -100
70 48 -100
71 48 -100
72 48 -100
73 48 -100
74 48 -100
75 48 -100
76 48 -100
77 48 -100
78 48 -100
79 48 -100
80 48 -100
81 48 -100
82 48 -100
83 48 -100
84 48 -100
85 48 -100
86 48 -100
87 48 -100
88 48 -100
89 1 -100
89 2 -100
89 3 -100
89 4 -100
89 5 -100
89 6 -100
89 7 -100
89 8 -100
89 9 -100
89 10 -100
89 11 -100
89 12 -100
89 13 -100
89 14 -100
89 15 -100
89 16 -100
89 17 -100
89 18 -100
89 19 -100
89 20 -100
89 21 -100
89 22 -100
89 23 -100
89 24 -100
89 25 -100
89 26 -100
89 27 -100
89 28 -100
89 29 -100
89 30 -100
89 31 -100
89 32 -100
89 33 -100
89 34 -100
89 35 -100
89 36 -100
89 37 -100
89 38 -100
89 39 -100
89 40 -100
89 41 -100
89 42 -100
89 43 -100
89 44 -100
89 45 -100
89 46 -100
89 47 -100
89 48 -100
89 49 -100
89 50 -100
89 51 -100
89 52 -100
89 53 -100
89 54 -100
89 55 -100
89 56 -100
89 57 -100
89 58 -100
89 59 -100
89 60 -100
89 61 -100
89 62 -100
89 63 -100
89 64 -100
89 65 -100
89 66 -100
89 67 -100
89 68 -100
89 69 -100
89 70 -100
89 71 -100
89 72 -100
89 73 -100
89 74 -100
89 75 -100
89 76 -100
89 77 -100
89 78 -100
89 79 -100
89 80 -100
89 81 -100
89 82 -100
89 83 -100
89 84 -100
89 85 -100
89 86 -100
89 87 -100
89 88 -100
89 89 -100
89 90 -100
89 91 -100
89 92 -100
89 93 -100
89 94 -100
89 95 -100
89 96 -100
89 97 -100
89 98 -100
89 99 -100
89 100 -100
90 48 -100
91 48 -100
92 48 -100
93 48 -100
94 48 -100
95 48 -100
96 48 -100
97 48 -100
98 48 -100
99 48 -100
100 48 -100
20 2
1 2 5
2 2 -37
3 2 -31
4 2 16
5 2 19
6 2 -23
7 2 -36
8 2 25
9 2 46
10 2 19
11 2 29
12 2 41
13 2 -6
14 2 14
15 1 7
15 2 24
16 2 -15
17 2 -13
18 2 52
19 2 22
20 2 12
2 20
1 18 -48
2 1 -36
2 2 1
2 3 -18
2 4 -75
2 5 -61
2 6 11
2 7 -67
2 8 -11
2 9 14
2 10 11
2 11 11
2 12 1
2 13 15
2 14 -29
2 15 -78
2 16 -3
2 17 -74
2 18 -83
2 19 14
2 20 -14
100 100
1 40 -100
1 50 -100
2 60 -100
2 72 -100
3 17 -100
3 95 -100
4 4 -100
4 48 -100
5 67 -100
5 76 -100
6 74 -100
6 80 -100
7 6 -100
7 83 -100
8 54 -100
8 59 -100
9 3 -100
9 51 -100
10 52 -100
11 22 -100
11 62 -100
12 91 -100
12 100 -100
13 9 -100
13 32 -100
14 38 -100
14 65 -100
15 57 -100
15 71 -100
16 14 -100
16 19 -100
17 45 -100
17 89 -100
18 56 -100
18 100 -100
19 26 -100
19 47 -100
20 42 -100
20 82 -100
21 15 -100
21 49 -100
22 42 -100
22 88 -100
23 7 -100
23 23 -100
24 40 -100
24 64 -100
25 57 -100
25 75 -100
26 8 -100
26 44 -100
27 56 -100
27 92 -100
28 37 -100
28 87 -100
29 11 -100
29 89 -100
30 26 -100
30 27 -100
31 54 -100
31 61 -100
32 25 -100
32 79 -100
33 2 -100
33 25 -100
34 31 -100
34 73 -100
35 60 -100
35 74 -100
36 5 -100
36 96 -100
37 82 -100
37 93 -100
38 21 -100
38 66 -100
39 1 -100
39 99 -100
40 33 -100
40 52 -100
41 8 -100
41 58 -100
42 19 -100
42 97 -100
43 36 -100
43 84 -100
44 11 -100
44 61 -100
45 9 -100
45 67 -100
46 47 -100
46 81 -100
47 7 -100
47 85 -100
48 31 -100
48 99 -100
49 13 -100
49 38 -100
50 10 -100
50 58 -100
51 29 -100
51 53 -100
52 34 -100
52 94 -100
53 14 -100
53 96 -100
54 24 -100
54 75 -100
55 3 -100
55 46 -100
56 36 -100
56 41 -100
57 62 -100
57 77 -100
58 5 -100
58 27 -100
59 2 -100
59 97 -100
60 23 -100
60 80 -100
61 10 -100
61 28 -100
62 71 -100
62 76 -100
63 20 -100
63 55 -100
64 30 -100
64 63 -100
65 22 -100
65 43 -100
66 51 -100
66 86 -100
67 53 -100
67 81 -100
68 34 -100
68 87 -100
69 20 -100
69 70 -100
70 65 -100
70 84 -100
71 83 -100
71 91 -100
72 13 -100
72 55 -100
73 16 -100
73 86 -100
74 68 -100
74 70 -100
75 32 -100
75 41 -100
76 24 -100
76 29 -100
77 44 -100
77 98 -100
78 43 -100
78 48 -100
79 15 -100
79 98 -100
80 37 -100
80 45 -100
81 18 -100
81 39 -100
82 77 -100
82 85 -100
83 35 -100
83 50 -100
84 17 -100
84 78 -100
85 46 -100
85 72 -100
86 18 -100
86 94 -100
87 30 -100
87 49 -100
88 12 -100
88 69 -100
89 63 -100
89 93 -100
90 33 -100
90 90 -100
91 4 -100
91 64 -100
92 16 -100
92 39 -100
93 6 -100
93 79 -100
94 21 -100
94 35 -100
95 59 -100
95 95 -100
96 78 -100
96 88 -100
97 12 -100
97 73 -100
98 1 -100
98 90 -100
99 28 -100
99 92 -100
100 66 -100
100 69 -100
100 100
1 56 -100
1 96 -100
2 41 -100
2 88 -100
3 5 -100
3 87 -100
4 23 -100
4 24 -100
5 21 -100
5 91 -100
6 30 -100
6 36 -100
7 22 -100
7 54 -100
8 33 -100
8 46 -100
9 31 -100
9 47 -100
10 4 -100
10 16 -100
11 57 -100
11 61 -100
12 21 -100
12 88 -100
13 49 -100
13 74 -100
14 64 -100
14 98 -100
15 14 -100
15 27 -100
16 26 -100
16 27 -100
17 38 -100
17 93 -100
18 6 -100
18 79 -100
19 34 -100
19 69 -100
20 2 -100
20 7 -100
21 5 -100
21 65 -100
22 9 -100
22 28 -100
23 46 -100
23 99 -100
24 34 -100
24 52 -100
25 18 -100
25 90 -100
26 26 -100
26 52 -100
27 2 -100
27 39 -100
28 28 -100
28 99 -100
29 56 -100
29 73 -100
30 43 -100
30 63 -100
31 10 -100
31 24 -100
32 15 -100
32 60 -100
33 16 -100
33 30 -100
34 3 -100
34 35 -100
35 62 -100
35 77 -100
36 42 -100
36 68 -100
37 35 -100
37 84 -100
38 8 -100
38 94 -100
39 3 -100
39 12 -100
40 51 -100
40 66 -100
41 13 -100
41 67 -100
42 66 -100
42 82 -100
43 6 -100
43 85 -100
44 89 -100
44 97 -100
45 75 -100
45 98 -100
46 49 -100
46 53 -100
47 69 -100
47 95 -100
48 40 -100
48 50 -100
49 58 -100
49 82 -100
50 38 -100
50 86 -100
51 8 -100
51 83 -100
52 13 -100
52 79 -100
53 9 -100
53 64 -100
54 58 -100
54 71 -100
55 55 -100
55 90 -100
56 1 -100
56 100 -100
57 80 -100
57 93 -100
58 25 -100
58 83 -100
59 48 -100
59 80 -100
60 10 -100
60 17 -100
61 55 -100
61 70 -100
62 48 -100
62 92 -100
63 23 -100
63 70 -100
64 63 -100
64 97 -100
65 4 -100
65 47 -100
66 18 -100
66 29 -100
67 54 -100
67 68 -100
68 42 -100
68 94 -100
69 72 -100
69 76 -100
70 44 -100
70 78 -100
71 25 -100
71 44 -100
72 37 -100
72 62 -100
73 17 -100
73 32 -100
74 53 -100
74 91 -100
75 71 -100
75 81 -100
76 43 -100
76 81 -100
77 19 -100
77 96 -100
78 12 -100
78 92 -100
79 77 -100
80 76 -100
80 86 -100
81 7 -100
81 50 -100
82 65 -100
82 85 -100
83 37 -100
83 40 -100
84 29 -100
84 59 -100
85 11 -100
85 15 -100
86 22 -100
86 60 -100
87 73 -100
87 87 -100
88 45 -100
88 100 -100
89 11 -100
89 19 -100
90 72 -100
90 95 -100
91 33 -100
91 51 -100
92 20 -100
92 59 -100
93 1 -100
93 20 -100
94 61 -100
94 74 -100
95 32 -100
95 57 -100
96 14 -100
96 67 -100
97 36 -100
97 89 -100
98 41 -100
98 84 -100
99 39 -100
99 45 -100
100 31 -100
100 78 -100
100 100
1 19 -100
1 91 -100
2 18 -100
2 66 -100
3 3 -100
3 10 -100
4 15 -100
4 27 -100
5 79 -100
5 89 -100
6 26 -100
6 30 -100
7 51 -100
7 92 -100
8 27 -100
8 54 -100
9 2 -100
9 5 -100
10 20 -100
10 29 -100
11 55 -100
11 74 -100
12 8 -100
12 46 -100
13 6 -100
13 38 -100
14 14 -100
14 64 -100
15 10 -100
15 99 -100
16 24 -100
16 61 -100
17 77 -100
17 95 -100
18 33 -100
18 43 -100
19 80 -100
19 81 -100
20 26 -100
20 53 -100
21 43 -100
21 62 -100
22 91 -100
22 93 -100
23 3 -100
23 89 -100
24 20 -100
24 36 -100
25 63 -100
25 72 -100
26 18 -100
26 47 -100
27 17 -100
27 51 -100
28 1 -100
28 82 -100
29 71 -100
29 85 -100
30 16 -100
30 64 -100
31 68 -100
31 90 -100
32 13 -100
32 75 -100
33 34 -100
33 62 -100
34 50 -100
34 82 -100
35 22 -100
35 39 -100
36 66 -100
36 69 -100
37 24 -100
37 86 -100
38 32 -100
38 93 -100
39 35 -100
39 49 -100
40 30 -100
40 78 -100
41 73 -100
41 88 -100
42 84 -100
42 95 -100
43 69 -100
43 88 -100
44 28 -100
44 97 -100
45 1 -100
45 52 -100
46 28 -100
46 96 -100
47 2 -100
47 50 -100
48 32 -100
48 44 -100
49 37 -100
49 55 -100
50 57 -100
50 58 -100
51 63 -100
51 84 -100
52 14 -100
52 90 -100
53 33 -100
53 92 -100
54 8 -100
54 79 -100
55 25 -100
55 80 -100
56 19 -100
56 40 -100
57 40 -100
57 75 -100
58 45 -100
58 94 -100
59 38 -100
59 42 -100
60 16 -100
60 53 -100
61 29 -100
61 31 -100
62 23 -100
62 70 -100
63 78 -100
63 98 -100
64 44 -100
64 70 -100
65 31 -100
65 96 -100
66 34 -100
66 100 -100
67 48 -100
67 49 -100
68 57 -100
68 65 -100
69 61 -100
69 71 -100
70 59 -100
70 65 -100
71 9 -100
71 99 -100
72 7 -100
72 74 -100
73 45 -100
73 54 -100
74 25 -100
74 72 -100
75 83 -100
75 85 -100
76 76 -100
76 94 -100
77 11 -100
77 86 -100
78 22 -100
78 47 -100
79 5 -100
79 67 -100
80 7 -100
80 42 -100
81 77 -100
81 87 -100
82 9 -100
82 37 -100
83 12 -100
83 100 -100
84 13 -100
84 68 -100
85 6 -100
85 87 -100
86 23 -100
86 81 -100
87 59 -100
87 60 -100
88 17 -100
88 48 -100
89 39 -100
89 83 -100
90 36 -100
90 46 -100
91 4 -100
91 52 -100
92 41 -100
92 73 -100
93 56 -100
93 60 -100
94 4 -100
94 21 -100
95 12 -100
95 97 -100
96 11 -100
96 98 -100
97 35 -100
97 76 -100
98 41 -100
98 56 -100
99 58 -100
100 15 -100
100 21 -100
100 100
1 87 -100
2 87 -100
3 87 -100
4 87 -100
5 87 -100
6 87 -100
7 87 -100
8 87 -100
9 87 -100
10 87 -100
11 87 -100
12 87 -100
13 87 -100
14 87 -100
15 87 -100
16 87 -100
17 87 -100
18 87 -100
19 87 -100
20 87 -100
21 87 -100
22 87 -100
23 87 -100
24 87 -100
25 87 -100
26 87 -100
27 87 -100
28 87 -100
29 87 -100
30 87 -100
31 87 -100
32 87 -100
33 87 -100
34 87 -100
35 87 -100
36 87 -100
37 87 -100
38 87 -100
39 87 -100
40 87 -100
41 87 -100
42 87 -100
43 87 -100
44 87 -100
45 87 -100
46 87 -100
47 87 -100
48 87 -100
49 87 -100
50 87 -100
51 87 -100
52 87 -100
53 87 -100
54 87 -100
55 87 -100
56 87 -100
57 87 -100
58 87 -100
59 1 -100
59 2 -100
59 3 -100
59 4 -100
59 5 -100
59 6 -100
59 7 -100
59 8 -100
59 9 -100
59 10 -100
59 11 -100
59 12 -100
59 13 -100
59 14 -100
59 15 -100
59 16 -100
59 17 -100
59 18 -100
59 19 -100
59 20 -100
59 21 -100
59 22 -100
59 23 -100
59 24 -100
59 25 -100
59 26 -100
59 27 -100
59 28 -100
59 29 -100
59 30 -100
59 31 -100
59 32 -100
59 33 -100
59 34 -100
59 35 -100
59 36 -100
59 37 -100
59 38 -100
59 39 -100
59 40 -100
59 41 -100
59 42 -100
59 43 -100
59 44 -100
59 45 -100
59 46 -100
59 47 -100
59 48 -100
59 49 -100
59 50 -100
59 51 -100
59 52 -100
59 53 -100
59 54 -100
59 55 -100
59 56 -100
59 57 -100
59 58 -100
59 59 -100
59 60 -100
59 61 -100
59 62 -100
59 63 -100
59 64 -100
59 65 -100
59 66 -100
59 67 -100
59 68 -100
59 69 -100
59 70 -100
59 71 -100
59 72 -100
59 73 -100
59 74 -100
59 75 -100
59 76 -100
59 77 -100
59 78 -100
59 79 -100
59 80 -100
59 81 -100
59 82 -100
59 83 -100
59 84 -100
59 85 -100
59 86 -100
59 87 -100
59 88 -100
59 89 -100
59 90 -100
59 91 -100
59 92 -100
59 93 -100
59 94 -100
59 95 -100
59 96 -100
59 97 -100
59 98 -100
59 99 -100
59 100 -100
60 87 -100
61 87 -100
62 87 -100
63 87 -100
64 87 -100
65 87 -100
66 87 -100
67 87 -100
68 87 -100
69 87 -100
70 87 -100
71 87 -100
72 87 -100
73 87 -100
74 87 -100
75 87 -100
76 87 -100
77 87 -100
78 87 -100
79 87 -100
80 87 -100
81 87 -100
82 87 -100
83 87 -100
84 87 -100
85 87 -100
86 87 -100
87 87 -100
88 87 -100
89 87 -100
90 87 -100
91 87 -100
92 87 -100
93 87 -100
94 87 -100
95 87 -100
96 87 -100
97 87 -100
98 87 -100
99 87 -100
100 87 -100
100 100
1 26 31
2 26 64
3 26 39
4 26 18
5 26 24
6 26 -16
7 26 78
8 26 54
9 26 11
10 26 23
11 26 31
12 26 74
13 26 76
14 26 48
15 26 10
16 26 46
17 26 62
18 26 -9
19 26 77
20 26 70
21 26 33
22 26 76
23 26 42
24 26 68
25 26 49
26 26 78
27 26 -5
28 26 79
29 26 -17
30 26 27
31 26 20
32 26 -2
33 26 7
34 26 -1
35 26 23
36 26 -4
37 26 22
38 26 -3
39 26 21
40 26 4
41 26 -5
42 26 0
43 26 62
44 26 24
45 26 -13
46 26 28
47 1 -55
47 2 -67
47 3 -78
47 4 -22
47 5 -70
47 6 -4
47 7 -33
47 8 -92
47 9 -26
47 10 -78
47 11 -47
47 12 -37
47 13 -5
47 14 -69
47 15 -76
47 16 -50
47 17 -64
47 18 -10
47 19 1
47 20 -82
47 21 -31
47 22 5
47 23 -37
47 24 -81
47 25 -77
47 26 -14
47 27 -91
47 28 -12
47 29 -49
47 30 -10
47 31 -67
47 32 -7
47 33 -57
47 34 -5
47 35 -51
47 36 -9
47 37 -28
47 38 -71
47 39 4
47 40 -88
47 41 -24
47 42 -64
47 43 -4
47 44 -20
47 45 -85
47 46 -50
47 47 -85
47 48 -34
47 49 -76
47 50 -94
47 51 -47
47 52 -57
47 53 1
47 54 -29
47 55 -32
47 56 -24
47 57 -86
47 58 -52
47 59 -69
47 60 -62
47 61 -68
47 62 -7
47 63 -44
47 64 -3
47 65 -77
47 66 -53
47 67 5
47 68 -27
47 69 -33
47 70 -10
47 71 -36
47 72 -1
47 73 -13
47 74 -94
47 75 -6
47 76 -69
47 77 -23
47 78 4
47 79 -72
47 80 -51
47 81 5
47 82 -19
47 83 -49
47 84 -52
47 85 -88
47 86 -7
47 87 -47
47 88 -52
47 89 -24
47 90 -44
47 91 -30
47 92 -21
47 93 -95
47 94 3
47 95 -53
47 96 -34
47 97 -71
47 98 -34
47 99 -82
47 100 -52
48 26 10
49 26 -10
50 26 57
51 26 41
52 26 7
53 26 33
54 26 37
55 26 47
56 26 60
57 26 23
58 26 8
59 26 46
60 26 1
61 26 53
62 26 14
63 26 16
64 26 52
65 26 -9
66 26 66
67 26 27
68 26 16
69 26 -12
70 26 -15
71 26 -14
72 26 68
73 26 5
74 26 -12
75 26 -1
76 26 -14
77 26 -19
78 26 64
79 26 77
80 26 57
81 26 -14
82 26 -15
83 26 4
84 26 -6
85 26 8
86 26 50
87 26 81
88 26 44
89 26 25
90 26 -4
91 26 47
92 26 60
93 26 19
94 26 76
95 26 -13
96 26 80
97 26 13
98 26 18
99 26 21
100 26 7
100 100
1 50 3
1 76 -7
2 46 -75
2 77 3
3 20 -2
3 49 -35
4 26 38
4 68 25
5 16 -3
5 51 -47
6 47 -58
6 87 12
7 8 19
7 25 9
8 22 -59
8 71 -43
9 17 -48
9 80 -47
10 62 13
10 86 -12
11 57 -24
11 60 -11
12 33 58
12 78 42
13 3 -46
13 42 -28
14 6 5
14 49 -27
15 50 18
15 80 7
16 27 22
16 65 58
17 21 44
17 56 8
18 26 26
18 61 39
19 89 31
19 99 -10
20 2 24
20 59 28
21 4 51
21 53 -23
22 39 -38
22 85 -61
23 23 -9
23 54 -32
24 82 -90
24 98 -93
25 13 -48
25 14 -55
26 24 -20
26 70 26
27 18 -98
27 85 -85
28 4 37
28 67 24
29 76 27
29 79 26
30 22 -24
30 66 -14
31 12 -6
31 37 -13
32 9 -38
32 32 6
33 28 52
33 45 80
34 20 76
34 51 26
35 21 36
35 84 -4
36 23 10
36 83 65
37 19 64
37 63 44
38 1 12
38 43 -53
39 74 14
39 95 20
40 58 -39
40 75 -62
41 17 -53
41 93 2
42 3 -58
42 16 -8
43 87 31
43 88 5
44 24 -20
44 32 51
45 67 72
45 91 18
46 29 51
46 30 47
47 41 48
47 46 -15
48 52 17
48 100 -20
49 33 67
49 65 65
50 36 45
50 69 9
51 55 5
51 98 -83
52 2 61
52 72 17
53 71 -30
53 96 14
54 58 -6
54 92 33
55 5 2
55 34 68
56 35 0
56 48 29
57 86 51
57 88 52
58 9 38
58 53 16
59 41 -4
59 90 -44
60 60 70
60 99 39
61 25 10
61 84 -21
62 6 12
62 44 -51
63 40 -45
63 81 9
64 37 -8
64 97 -73
65 36 48
65 75 25
66 68 -10
66 73 31
67 7 -15
67 64 55
68 31 -15
68 92 70
69 38 -48
69 63 -50
70 48 -8
70 74 -68
71 29 -9
71 81 10
72 56 27
72 96 38
73 8 2
73 69 -84
74 18 -95
74 78 -31
75 14 -46
75 91 -41
76 52 38
76 83 66
77 45 29
77 57 13
78 47 15
78 82 3
79 5 -25
79 35 20
80 30 6
80 64 17
81 62 0
82 43 -19
82 95 -22
83 42 20
83 90 -6
84 10 -21
84 40 15
85 34 -20
85 38 -39
86 59 57
86 66 -18
87 13 14
87 94 20
88 15 -4
88 97 -4
89 55 52
89 72 12
90 61 -28
90 77 -17
91 28 36
91 100 6
92 12 55
92 44 -5
93 11 22
93 27 -2
94 31 -73
94 70 -10
95 39 -28
95 73 16
96 1 15
96 11 -10
97 19 0
97 89 18
98 7 -36
98 93 49
99 15 -60
99 54 -61
100 10 -31
100 94 7
100 100
1 82 -100
2 82 -100
3 82 -100
4 82 -100
5 82 -100
6 82 -100
7 82 -100
8 82 -100
9 82 -100
10 82 -100
11 82 -100
12 82 -100
13 82 -100
14 82 -100
15 82 -100
16 82 -100
17 82 -100
18 82 -100
19 82 -100
20 82 -100
21 82 -100
22 82 -100
23 82 -100
24 82 -100
25 82 -100
26 82 -100
27 82 -100
28 82 -100
29 82 -100
30 82 -100
31 82 -100
32 82 -100
33 82 -100
34 82 -100
35 82 -100
36 82 -100
37 82 -100
38 82 -100
39 82 -100
40 82 -100
41 82 -100
42 82 -100
43 82 -100
44 82 -100
45 82 -100
46 82 -100
47 82 -100
48 82 -100
49 82 -100
50 82 -100
51 82 -100
52 82 -100
53 82 -100
54 82 -100
55 82 -100
56 82 -100
57 82 -100
58 82 -100
59 82 -100
60 82 -100
61 82 -100
62 82 -100
63 82 -100
64 82 -100
65 82 -100
66 82 -100
67 82 -100
68 82 -100
69 82 -100
70 82 -100
71 82 -100
72 82 -100
73 82 -100
74 82 -100
75 82 -100
76 82 -100
77 82 -100
78 82 -100
79 82 -100
80 82 -100
81 82 -100
82 82 -100
83 82 -100
84 82 -100
85 82 -100
86 82 -100
87 82 -100
88 82 -100
89 82 -100
90 82 -100
91 82 -100
92 82 -100
93 82 -100
94 82 -100
95 82 -100
96 82 -100
97 82 -100
98 82 -100
99 82 -100
100 1 -100
100 2 -100
100 3 -100
100 4 -100
100 5 -100
100 6 -100
100 7 -100
100 8 -100
100 9 -100
100 10 -100
100 11 -100
100 12 -100
100 13 -100
100 14 -100
100 15 -100
100 16 -100
100 17 -100
100 18 -100
100 19 -100
100 20 -100
100 21 -100
100 22 -100
100 23 -100
100 24 -100
100 25 -100
100 26 -100
100 27 -100
100 28 -100
100 29 -100
100 30 -100
100 31 -100
100 32 -100
100 33 -100
100 34 -100
100 35 -100
100 36 -100
100 37 -100
100 38 -100
100 39 -100
100 40 -100
100 41 -100
100 42 -100
100 43 -100
100 44 -100
100 45 -100
100 46 -100
100 47 -100
100 48 -100
100 49 -100
100 50 -100
100 51 -100
100 52 -100
100 53 -100
100 54 -100
100 55 -100
100 56 -100
100 57 -100
100 58 -100
100 59 -100
100 60 -100
100 61 -100
100 62 -100
100 63 -100
100 64 -100
100 65 -100
100 66 -100
100 67 -100
100 68 -100
100 69 -100
100 70 -100
100 71 -100
100 72 -100
100 73 -100
100 74 -100
100 75 -100
100 76 -100
100 77 -100
100 78 -100
100 79 -100
100 80 -100
100 81 -100
100 82 -100
100 83 -100
100 84 -100
100 85 -100
100 86 -100
100 87 -100
100 88 -100
100 89 -100
100 90 -100
100 91 -100
100 92 -100
100 93 -100
100 94 -100
100 95 -100
100 96 -100
100 97 -100
100 98 -100
100 99 -100
100 100 -100
100 100
1 24 -100
1 66 -100
2 35 -100
2 67 -100
3 11 -100
3 79 -100
4 1 -100
4 89 -100
5 36 -100
5 47 -100
6 78 -100
6 90 -100
7 17 -100
7 46 -100
8 8 -100
8 83 -100
9 24 -100
9 63 -100
10 33 -100
10 92 -100
11 19 -100
11 58 -100
12 30 -100
12 56 -100
13 66 -100
13 84 -100
14 44 -100
14 88 -100
15 46 -100
15 59 -100
16 16 -100
16 96 -100
17 22 -100
17 38 -100
18 20 -100
18 28 -100
19 7 -100
19 72 -100
20 34 -100
21 31 -100
21 94 -100
22 80 -100
22 82 -100
23 39 -100
23 40 -100
24 13 -100
24 77 -100
25 48 -100
25 83 -100
26 35 -100
26 76 -100
27 14 -100
27 42 -100
28 14 -100
28 97 -100
29 91 -100
29 100 -100
30 26 -100
30 31 -100
31 62 -100
31 70 -100
32 23 -100
32 44 -100
33 11 -100
33 62 -100
34 17 -100
34 37 -100
35 5 -100
35 96 -100
36 40 -100
36 98 -100
37 57 -100
37 75 -100
38 12 -100
38 53 -100
39 13 -100
39 43 -100
40 21 -100
40 93 -100
41 7 -100
41 8 -100
42 16 -100
42 41 -100
43 91 -100
43 97 -100
44 15 -100
44 42 -100
45 70 -100
45 89 -100
46 2 -100
46 52 -100
47 60 -100
47 80 -100
48 55 -100
48 76 -100
49 45 -100
49 74 -100
50 1 -100
50 51 -100
51 92 -100
51 99 -100
52 64 -100
52 77 -100
53 49 -100
53 73 -100
54 82 -100
54 85 -100
55 41 -100
55 64 -100
56 29 -100
56 50 -100
57 78 -100
57 79 -100
58 33 -100
58 86 -100
59 50 -100
59 56 -100
60 37 -100
60 49 -100
61 71 -100
61 93 -100
62 43 -100
62 63 -100
63 65 -100
63 84 -100
64 45 -100
64 48 -100
65 67 -100
65 73 -100
66 68 -100
66 100 -100
67 6 -100
67 87 -100
68 10 -100
68 85 -100
69 18 -100
69 74 -100
70 21 -100
70 59 -100
71 9 -100
71 69 -100
72 20 -100
72 94 -100
73 23 -100
73 86 -100
74 4 -100
74 32 -100
75 95 -100
75 99 -100
76 19 -100
76 32 -100
77 6 -100
77 27 -100
78 51 -100
78 95 -100
79 39 -100
79 55 -100
80 54 -100
80 75 -100
81 10 -100
81 54 -100
82 3 -100
82 27 -100
83 18 -100
83 58 -100
84 36 -100
84 60 -100
85 38 -100
85 87 -100
86 4 -100
86 68 -100
87 5 -100
87 22 -100
88 90 -100
88 98 -100
89 2 -100
89 9 -100
90 61 -100
90 71 -100
91 34 -100
91 47 -100
92 30 -100
92 65 -100
93 3 -100
93 53 -100
94 52 -100
94 81 -100
95 26 -100
95 81 -100
96 28 -100
96 29 -100
97 15 -100
97 25 -100
98 57 -100
98 88 -100
99 12 -100
99 61 -100
100 25 -100
100 69 -100
100 100
1 76 -100
2 76 -100
3 76 -100
4 76 -100
5 76 -100
6 76 -100
7 76 -100
8 76 -100
9 76 -100
10 76 -100
11 76 -100
12 76 -100
13 76 -100
14 76 -100
15 76 -100
16 76 -100
17 76 -100
18 76 -100
19 76 -100
20 76 -100
21 76 -100
22 76 -100
23 76 -100
24 76 -100
25 76 -100
26 76 -100
27 76 -100
28 76 -100
29 76 -100
30 76 -100
31 76 -100
32 76 -100
33 76 -100
34 76 -100
35 76 -100
36 76 -100
37 76 -100
38 76 -100
39 76 -100
40 76 -100
41 76 -100
42 76 -100
43 76 -100
44 76 -100
45 76 -100
46 76 -100
47 76 -100
48 76 -100
49 76 -100
50 76 -100
51 76 -100
52 76 -100
53 76 -100
54 76 -100
55 76 -100
56 76 -100
57 76 -100
58 76 -100
59 76 -100
60 76 -100
61 76 -100
62 76 -100
63 76 -100
64 76 -100
65 76 -100
66 76 -100
67 76 -100
68 76 -100
69 76 -100
70 76 -100
71 76 -100
72 76 -100
73 76 -100
74 76 -100
75 76 -100
76 76 -100
77 76 -100
78 76 -100
79 76 -100
80 76 -100
81 76 -100
82 76 -100
83 76 -100
84 76 -100
85 76 -100
86 76 -100
87 76 -100
88 76 -100
89 76 -100
90 76 -100
91 76 -100
92 76 -100
93 76 -100
94 1 -100
94 2 -100
94 3 -100
94 4 -100
94 5 -100
94 6 -100
94 7 -100
94 8 -100
94 9 -100
94 10 -100
94 11 -100
94 12 -100
94 13 -100
94 14 -100
94 15 -100
94 16 -100
94 17 -100
94 18 -100
94 19 -100
94 20 -100
94 21 -100
94 22 -100
94 23 -100
94 24 -100
94 25 -100
94 26 -100
94 27 -100
94 28 -100
94 29 -100
94 30 -100
94 31 -100
94 32 -100
94 33 -100
94 34 -100
94 35 -100
94 36 -100
94 37 -100
94 38 -100
94 39 -100
94 40 -100
94 41 -100
94 42 -100
94 43 -100
94 44 -100
94 45 -100
94 46 -100
94 47 -100
94 48 -100
94 49 -100
94 50 -100
94 51 -100
94 52 -100
94 53 -100
94 54 -100
94 55 -100
94 56 -100
94 57 -100
94 58 -100
94 59 -100
94 60 -100
94 61 -100
94 62 -100
94 63 -100
94 64 -100
94 65 -100
94 66 -100
94 67 -100
94 68 -100
94 69 -100
94 70 -100
94 71 -100
94 72 -100
94 73 -100
94 74 -100
94 75 -100
94 76 -100
94 77 -100
94 78 -100
94 79 -100
94 80 -100
94 81 -100
94 82 -100
94 83 -100
94 84 -100
94 85 -100
94 86 -100
94 87 -100
94 88 -100
94 89 -100
94 90 -100
94 91 -100
94 92 -100
94 93 -100
94 94 -100
94 95 -100
94 96 -100
94 97 -100
94 98 -100
94 99 -100
94 100 -100
95 76 -100
96 76 -100
97 76 -100
98 76 -100
99 76 -100
100 76 -100
100 100
1 92 -100
1 93 -100
2 29 -100
2 82 -100
3 19 -100
3 74 -100
4 36 -100
4 39 -100
5 22 -100
5 26 -100
6 6 -100
6 33 -100
7 59 -100
7 83 -100
8 17 -100
8 57 -100
9 23 -100
9 39 -100
10 61 -100
10 93 -100
11 60 -100
11 96 -100
12 82 -100
12 89 -100
13 56 -100
13 99 -100
14 7 -100
14 8 -100
15 13 -100
15 87 -100
16 22 -100
16 50 -100
17 35 -100
17 94 -100
18 69 -100
18 76 -100
19 9 -100
19 26 -100
20 42 -100
20 98 -100
21 16 -100
21 90 -100
22 55 -100
22 100 -100
23 20 -100
23 40 -100
24 20 -100
24 86 -100
25 61 -100
25 97 -100
26 67 -100
26 80 -100
27 31 -100
27 76 -100
28 38 -100
28 70 -100
29 24 -100
29 35 -100
30 44 -100
30 52 -100
31 12 -100
31 96 -100
32 45 -100
32 79 -100
33 30 -100
33 37 -100
34 34 -100
34 69 -100
35 17 -100
35 89 -100
36 77 -100
36 83 -100
37 90 -100
38 86 -100
38 91 -100
39 38 -100
39 41 -100
40 29 -100
40 32 -100
41 48 -100
41 71 -100
42 53 -100
42 75 -100
43 63 -100
43 94 -100
44 47 -100
44 60 -100
45 15 -100
45 95 -100
46 27 -100
46 77 -100
47 68 -100
47 97 -100
48 43 -100
48 66 -100
49 32 -100
49 64 -100
50 67 -100
50 99 -100
51 31 -100
51 100 -100
52 16 -100
52 74 -100
53 13 -100
53 27 -100
54 87 -100
54 95 -100
55 51 -100
55 85 -100
56 12 -100
56 48 -100
57 56 -100
57 73 -100
58 11 -100
58 58 -100
59 58 -100
59 64 -100
60 18 -100
60 21 -100
61 28 -100
61 44 -100
62 45 -100
62 84 -100
63 30 -100
63 50 -100
64 9 -100
64 54 -100
65 18 -100
65 34 -100
66 51 -100
66 59 -100
67 14 -100
67 66 -100
68 19 -100
68 72 -100
69 46 -100
69 73 -100
70 3 -100
70 91 -100
71 33 -100
71 78 -100
72 41 -100
72 85 -100
73 36 -100
73 81 -100
74 25 -100
74 80 -100
75 65 -100
75 92 -100
76 5 -100
76 37 -100
77 4 -100
77 88 -100
78 46 -100
78 78 -100
79 1 -100
79 84 -100
80 49 -100
80 79 -100
81 47 -100
81 57 -100
82 2 -100
82 53 -100
83 24 -100
83 54 -100
84 6 -100
84 62 -100
85 7 -100
85 65 -100
86 1 -100
86 72 -100
87 15 -100
87 55 -100
88 40 -100
88 70 -100
89 63 -100
89 88 -100
90 4 -100
90 21 -100
91 43 -100
91 81 -100
92 23 -100
92 75 -100
93 25 -100
93 98 -100
94 28 -100
94 68 -100
95 5 -100
95 11 -100
96 2 -100
96 52 -100
97 8 -100
97 49 -100
98 10 -100
98 71 -100
99 10 -100
99 42 -100
100 3 -100
100 14 -100
10 5
2 5 22
3 1 -32
3 4 -5
4 4 31
4 5 86
5 1 12
5 2 13
5 4 39
5 5 94
6 5 31
7 5 0
8 5 5
10 1 -27
10 5 55
10 5
1 1 32
1 2 -34
1 5 -31
3 2 -36
4 2 -27
5 1 32
5 3 33
6 2 -55
6 5 -52
7 4 35
8 4 15
8 5 -51
9 3 -13
9 5 -77
10 5
1 1 1
2 3 -20
3 3 57
4 3 3
5 1 51
6 1 -7
6 2 -58
6 4 4
6 5 -9
7 3 36
8 3 -5
8 5 -16
9 3 -7
10 3 32
10 5
1 4 -23
1 5 42
2 4 -39
3 1 33
3 2 30
4 4 -47
5 1 0
5 2 -3
5 3 -43
6 4 -35
7 2 -16
7 5 22
8 4 24
9 4 16
10 5
1 1 13
2 3 15
2 4 61
3 4 90
4 3 -3
5 5 -44
6 4 9
7 3 -35
7 4 11
7 5 -73
8 1 24
8 2 57
8 3 6
10 3 -16
10 5
1 4 -32
2 4 -7
3 4 -66
3 5 -16
4 4 3
5 4 -52
6 1 35
7 2 -29
8 4 -38
9 2 -3
9 3 -9
9 5 -5
10 1 37
10 2 69
10 5
1 1 22
1 3 24
2 1 46
2 2 52
2 4 13
3 2 45
3 4 6
4 5 16
5 1 61
6 4 -5
6 5 47
8 1 44
8 5 63
10 2 32
10 5
1 2 -15
2 1 -43
2 2 -55
2 3 7
3 2 8
4 2 30
5 2 6
6 1 46
6 5 56
7 1 42
8 1 14
8 5 24
9 2 -53
10 2 -46
10 5
1 5 -35
2 1 -25
2 3 -11
3 2 -26
3 3 20
4 1 42
4 5 12
5 1 -15
6 2 -56
6 4 21
7 5 -43
9 5 -8
10 2 -11
10 4 66
10 5
1 1 35
2 1 4
2 4 -3
3 1 55
4 1 45
5 2 -29
5 3 34
5 4 42
6 3 -26
6 5 -9
7 5 69
8 1 -6
9 5 37
10 1 52
10 5
1 3 28
2 3 20
3 3 15
4 3 35
5 1 -42
5 2 -5
5 3 4
5 4 -33
5 5 -66
6 3 13
7 3 40
8 3 11
9 3 -19
10 3 23
10 5
1 4 31
2 4 39
3 1 70
3 2 17
3 3 22
3 4 78
3 5 26
4 4 16
6 4 68
7 4 37
8 4 28
9 4 21
10 2 -33
10 3 -28
10 5
1 1 -23
1 3 42
2 1 -54
3 2 44
3 4 15
3 5 -7
4 1 14
5 1 -51
6 1 -42
7 3 11
8 2 16
8 3 24
9 1 -57
10 1 -44
10 5
1 1 -41
1 4 8
2 2 50
3 1 -91
4 2 31
5 1 -47
5 4 2
6 1 -57
7 2 1
9 2 -16
9 3 -4
9 5 6
10 1 -1
10 5 72
10 5
1 2 45
1 5 50
2 2 57
3 2 19
3 4 -38
3 5 24
4 1 6
4 2 16
4 3 -17
5 3 55
6 3 16
8 3 12
9 1 21
10 1 38
5 10
1 7 -15
1 10 -7
2 1 19
2 5 13
2 10 -9
3 1 30
3 3 -40
3 7 -6
4 3 -30
4 6 10
4 7 4
4 10 12
5 3 -94
5 4 -60
5 10
1 5 -6
1 6 35
1 9 -22
2 6 74
3 1 -42
3 2 -4
3 3 26
3 4 -24
3 6 36
3 7 6
3 8 -26
3 10 -41
4 6 -1
5 6 80
5 10
1 3 -11
1 7 12
3 2 -8
3 6 -22
3 9 -10
3 10 18
4 3 -11
4 7 12
4 8 -44
4 9 1
5 1 -26
5 4 19
5 5 -52
5 6 -14
5 10
1 8 10
1 9 48
2 7 28
2 8 30
2 10 -7
3 6 -18
3 9 55
3 10 -20
4 3 36
4 6 -3
4 8 32
5 6 -20
5 8 15
5 9 53
5 10
1 4 -23
2 4 -31
2 8 -14
4 2 34
4 4 -31
4 6 15
4 7 -11
4 8 -14
4 9 -23
5 1 80
5 3 11
5 4 13
5 5 2
5 10 53
5 10
1 4 -49
1 5 -5
1 6 14
1 9 26
1 10 -19
2 2 -3
2 8 34
3 1 19
3 3 11
3 7 46
4 7 -2
4 8 24
5 2 32
5 9 62
5 10
1 7 -27
2 7 -54
3 1 28
3 4 -29
3 5 42
3 8 -44
3 9 -24
3 10 -43
4 2 46
4 3 48
4 7 -10
4 10 -31
5 6 20
5 7 -13
5 10
1 3 -25
1 5 -31
1 10 -4
2 1 -6
2 2 19
2 3 -10
2 5 -16
2 9 29
4 3 3
4 4 2
4 5 -3
4 6 77
5 2 48
5 8 29
5 10
1 2 -48
1 4 3
1 6 -30
1 8 29
2 5 57
2 6 -17
2 10 -19
3 6 -7
3 8 52
4 4 -47
4 5 -6
5 4 -32
5 9 -49
5 10 -67
5 10
1 4 4
1 6 36
1 9 10
1 10 -4
2 2 37
2 3 40
2 6 55
2 8 8
3 1 51
3 5 5
3 8 28
4 1 51
4 5 5
5 5 -56
5 10
1 3 50
1 5 35
2 5 75
3 5 75
4 1 48
4 2 -9
4 4 46
4 5 54
4 6 63
4 7 54
4 8 41
4 9 22
4 10 4
5 5 35
5 10
1 1 20
1 3 14
2 1 20
2 5 -42
3 5 -24
4 5 -23
5 2 -41
5 3 10
5 4 -25
5 6 6
5 7 46
5 8 42
5 9 -34
5 10 -26
5 10
2 4 56
2 5 -17
2 6 11
2 7 -21
2 8 42
2 9 31
2 10 -31
3 1 -9
3 2 8
3 3 -11
4 3 -8
4 5 -45
5 2 -24
5 3 -43
5 10
1 2 -40
1 3 45
1 5 -34
1 9 3
2 2 -11
2 7 59
3 4 -59
3 6 -47
3 7 -15
3 10 -53
4 5 3
4 10 29
5 2 -15
5 9 28
5 10
1 4 -32
1 7 6
2 3 23
2 5 -51
2 8 -48
2 9 -25
3 2 40
3 6 75
3 7 42
3 9 30
3 10 40
5 1 35
5 4 -11
5 7 27
10 10
1 1 47
1 2 26
1 4 -28
1 5 5
1 6 -35
2 2 62
2 3 76
2 10 20
3 5 -31
4 3 -8
4 10 -64
5 9 -45
7 7 47
7 8 -27
7 9 7
8 9 -32
9 5 -3
9 7 31
10 9 18
10 10
1 5 -49
2 5 -78
3 2 90
3 3 26
3 4 37
3 5 -5
4 2 65
5 5 -75
6 5 -49
6 6 -27
6 7 32
6 8 34
7 5 -81
8 5 -24
9 1 33
9 2 29
9 9 -42
9 10 -36
10 5 -76
10 10
1 2 -35
1 8 29
2 1 93
2 3 55
2 5 86
2 6 12
2 8 73
3 2 5
3 4 72
3 5 82
3 7 32
4 2 -58
4 4 9
4 7 -31
5 3 -35
5 5 -4
6 1 76
7 6 2
10 5 85
10 10
1 3 22
2 1 90
2 3 72
2 7 13
2 9 29
3 2 31
3 4 28
3 5 44
3 6 -15
3 7 -30
3 10 -25
4 3 44
5 2 13
5 6 -33
5 8 -52
6 3 -27
7 3 33
8 3 44
9 3 42
10 10
1 2 -7
1 3 -2
1 5 8
1 6 13
2 10 -20
3 6 53
3 7 20
3 8 87
3 10 15
4 10 22
5 10 -26
6 10 -19
7 10 -59
8 1 -38
8 3 -4
8 4 -18
8 5 6
8 9 16
9 10 -9
10 10
1 7 48
1 8 -18
1 9 -16
2 4 6
2 5 9
3 1 74
3 3 41
3 5 -1
4 5 -68
4 9 -43
5 1 73
7 7 63
7 10 -16
8 6 -30
9 7 83
10 1 55
10 3 22
10 8 3
10 9 5
10 10
2 1 22
2 6 98
3 5 24
3 9 46
3 10 -11
4 5 4
5 1 -22
5 3 15
5 5 15
5 6 54
6 10 -33
8 8 -6
9 1 -49
9 3 -12
9 4 -14
10 1 -63
10 2 -20
10 8 -58
10 9 -4
10 10
1 1 -20
1 3 -49
2 1 -46
3 1 -27
3 4 -48
3 6 -4
3 7 -21
3 8 0
3 9 -4
4 3 -46
5 2 61
5 5 38
5 10 17
6 2 9
6 3 -76
6 10 -35
7 3 -73
8 3 -50
10 3 -15
10 10
1 3 2
1 4 -31
1 6 -30
1 9 43
1 10 -3
2 4 -6
2 8 9
3 5 64
4 1 65
4 2 -16
4 5 53
4 7 8
4 8 17
5 5 -19
6 4 -22
7 5 15
8 4 -3
9 5 26
10 5 32
10 10
1 5 27
1 10 -49
2 5 19
2 10 -57
3 1 66
3 2 53
3 6 42
3 7 41
3 8 16
4 1 36
4 3 -21
5 3 -17
5 9 -5
6 5 62
6 9 18
7 1 11
8 1 -13
9 3 -36
10 3 8
10 10
1 1 13
1 4 -37
1 6 -44
2 3 -4
3 2 -38
3 4 -27
4 7 -47
4 8 -49
6 4 -14
6 7 20
7 1 -13
7 5 3
8 2 1
8 4 12
8 5 78
8 9 38
9 3 -85
10 2 -74
10 7 -29
10 10
1 7 -24
1 8 43
2 10 21
3 10 29
4 10 53
5 2 -9
5 3 30
5 4 -48
5 6 -34
5 9 -65
5 10 1
6 5 -2
6 8 0
6 10 -26
7 1 36
8 1 45
9 1 45
10 1 81
10 7 17
10 10
1 6 -24
1 7 0
2 1 -76
3 2 43
3 3 62
3 4 12
3 5 88
3 7 41
3 8 25
3 9 6
3 10 70
4 6 7
5 1 -26
6 5 8
7 1 -80
7 5 -1
8 1 17
9 1 -42
10 5 36
10 10
1 6 33
1 8 -5
2 1 52
3 4 1
4 4 -17
4 8 11
4 10 63
5 4 1
6 1 44
6 2 -10
7 4 -10
8 2 -65
9 5 -46
9 6 27
10 2 -8
10 3 32
10 5 -33
10 7 4
10 9 22
10 10
1 1 36
1 4 37
1 5 46
2 2 -45
2 7 -47
3 3 48
3 8 -12
4 10 -26
5 8 -56
6 2 -49
6 6 29
6 7 -51
7 3 16
8 2 -72
8 5 10
8 6 6
9 8 -45
10 5 17
10 9 -35
100 100
1 10 -29
1 52 5
2 60 71
3 3 56
3 12 -3
3 46 69
4 83 -6
5 54 3
5 74 -66
6 4 -46
6 8 -26
7 25 -44
8 4 27
8 47 38
8 59 6
8 86 -7
9 9 -52
10 5 1
11 56 -26
11 62 -81
12 31 -2
12 54 89
13 96 20
14 42 -10
15 25 -26
15 28 -79
15 52 -27
16 70 12
17 9 -31
18 60 -22
19 30 13
20 25 12
21 43 -42
21 67 21
22 37 39
22 43 -28
23 5 34
23 44 -46
23 74 -35
24 31 -74
25 57 34
25 61 -2
25 91 2
26 3 37
27 56 27
28 46 84
28 83 67
29 84 60
30 61 28
31 70 -41
31 83 -13
32 33 -7
33 60 -9
34 47 -2
34 62 -41
34 64 38
35 74 -33
36 6 -17
37 6 13
37 42 -66
38 33 -10
39 56 48
39 96 -4
40 43 -38
41 73 34
42 14 26
42 39 -8
42 79 -56
43 31 -58
44 9 -48
44 15 -67
45 24 36
45 30 80
45 73 51
45 75 58
45 80 32
45 88 86
46 60 56
47 96 -31
48 42 -58
48 91 1
49 31 -68
49 69 -57
50 4 22
51 6 83
51 84 90
52 84 87
53 42 -50
54 42 -30
55 41 -50
55 61 -18
55 78 -30
55 93 -75
56 70 -41
56 81 -34
57 91 35
58 19 36
58 39 -1
59 18 34
59 25 10
59 85 -8
60 33 -15
61 83 -2
62 10 -24
63 3 37
63 5 56
64 36 -84
64 96 -73
64 98 -40
65 10 -58
65 98 -24
66 30 52
66 69 -19
67 9 42
67 60 69
68 67 45
69 29 60
70 18 20
71 15 19
71 40 60
72 52 16
73 5 94
74 55 -24
75 84 -7
75 87 -35
76 54 41
77 83 9
78 37 75
78 55 -22
79 43 -52
80 42 -6
81 61 14
82 2 41
82 92 37
83 29 20
84 38 -2
84 53 41
84 60 53
84 73 40
84 94 40
85 19 38
85 29 38
85 90 -29
85 95 16
85 99 38
86 60 24
87 9 -43
88 16 86
88 67 86
88 72 12
88 81 45
89 43 -20
90 49 -41
90 93 -62
91 33 -22
91 55 -94
92 60 18
93 14 20
93 17 -65
93 49 -45
94 2 54
94 18 56
94 45 -12
95 1 37
95 7 8
95 11 78
95 20 38
95 21 54
95 22 70
95 23 69
95 26 6
95 27 18
95 32 11
95 33 59
95 34 52
95 50 37
95 51 52
95 58 23
95 63 4
95 65 -14
95 66 38
95 68 79
95 71 6
95 76 6
95 77 54
95 82 45
95 89 24
95 97 78
95 100 48
96 29 63
96 40 40
97 93 -6
98 39 51
99 13 -79
99 35 -33
99 48 -7
99 87 -21
99 92 -9
100 83 -21
100 100
1 77 -16
2 17 -70
3 53 93
4 26 -18
4 32 -29
4 57 -17
4 70 9
4 82 16
4 86 -57
4 99 29
5 57 6
6 57 41
7 39 -64
7 81 7
7 95 -65
8 11 12
8 23 8
8 40 -19
8 74 31
9 12 -73
9 91 -30
10 17 9
11 30 -33
11 53 14
11 65 -3
12 6 -22
13 16 68
13 89 54
14 57 19
14 66 62
15 31 2
15 66 70
16 69 -16
17 13 -57
17 19 -54
17 45 -43
18 16 -8
19 96 5
20 12 -34
21 2 -52
21 77 -38
22 53 50
22 94 15
23 4 -3
23 12 -8
23 22 46
23 27 19
23 41 9
23 62 -26
23 83 50
23 88 -11
23 100 -2
24 35 -7
24 55 -43
25 59 29
26 13 5
26 44 24
27 59 78
28 46 -4
29 16 30
30 86 -68
31 34 -83
31 75 -73
31 93 -17
32 16 51
33 34 -82
33 39 -76
34 86 -4
35 52 42
35 60 34
36 15 21
37 17 12
38 36 -47
39 28 42
39 58 -19
39 59 76
39 67 40
39 85 44
40 6 -28
40 50 14
40 56 -32
40 72 -24
41 29 34
41 69 16
41 89 14
42 3 74
42 71 71
42 87 57
43 11 70
43 31 17
43 51 44
44 7 24
44 10 13
44 54 -20
44 78 5
44 98 48
45 16 -7
46 68 -42
47 91 -17
48 16 26
48 17 -41
49 60 22
50 25 58
50 49 -5
50 71 90
50 75 20
51 77 6
51 91 38
52 33 -41
52 76 -76
52 94 -14
53 60 81
53 68 25
54 67 45
55 36 -5
56 7 29
56 20 31
56 37 -6
57 8 -2
57 21 -87
57 24 -37
57 38 -14
57 45 -50
57 48 -53
57 69 -14
57 80 -43
58 35 -48
59 91 2
60 52 33
60 67 -5
61 87 75
62 2 -53
62 15 6
63 12 -45
64 36 -31
64 43 41
65 86 -29
66 94 -2
67 36 16
68 15 71
69 55 -64
69 59 25
70 17 -67
71 17 -7
72 45 -52
73 12 -69
74 23 49
74 63 71
74 96 -5
75 60 59
76 45 28
77 47 -43
77 54 -38
77 96 -46
78 12 -62
79 61 15
79 65 9
79 84 -54
80 18 -79
80 56 -81
80 86 -83
81 77 -24
82 2 -44
83 6 -25
83 14 32
83 79 -18
84 36 -47
84 64 -52
84 87 17
85 87 8
86 67 -21
87 46 -65
87 97 -36
88 12 -13
89 12 -19
90 20 61
90 73 88
90 76 -8
90 92 62
91 35 25
92 68 -60
92 81 0
93 12 13
94 17 -11
95 5 23
95 9 86
95 42 0
95 43 88
95 44 44
95 90 81
96 1 -29
96 15 16
96 35 -20
97 68 -57
98 17 -67
99 17 -19
99 97 6
100 46 1
100 84 2
100 100
1 36 -24
1 62 7
2 22 -78
2 71 8
3 97 -51
4 5 -86
4 24 -34
4 42 -44
4 46 -34
4 58 -75
5 37 87
5 51 23
5 97 16
6 1 -19
6 84 32
7 6 52
7 14 -3
7 97 11
8 90 -39
10 3 32
10 54 -27
11 45 31
11 52 -24
12 34 -5
14 49 21
14 88 80
15 33 -28
15 96 -42
17 76 -18
17 100 -1
18 2 5
18 50 45
18 55 59
18 78 31
19 93 -35
21 76 68
21 78 41
22 10 26
22 69 50
23 9 46
24 11 8
24 14 -19
24 65 12
25 20 -51
25 49 -31
25 65 -27
26 33 -59
26 50 -33
26 63 -30
26 90 -78
28 20 4
28 27 74
28 56 42
28 58 7
29 72 11
30 45 54
30 47 31
30 95 91
30 98 87
30 100 84
31 20 -43
31 25 -31
31 42 -9
32 4 -61
33 48 12
33 78 -29
33 80 -64
34 29 19
34 30 -18
34 77 5
35 62 16
35 98 54
36 38 -39
36 40 -49
36 94 -15
37 59 -17
37 75 -38
37 90 -79
38 51 -11
39 17 -8
39 23 -46
39 64 28
39 98 35
40 33 -43
40 48 10
40 59 0
40 86 -31
41 61 -52
41 75 -31
41 94 -32
42 4 -77
42 44 -81
42 54 -73
43 42 -47
43 74 -68
43 100 -3
44 27 72
44 66 7
45 4 -61
45 46 -13
45 99 17
46 31 -72
46 40 -68
47 3 1
47 21 -34
47 29 18
47 33 -36
49 3 -24
49 40 -74
49 57 -12
50 58 -13
52 62 35
52 79 16
54 7 57
55 27 -3
55 43 -76
55 59 -8
55 64 1
56 6 -24
56 28 -83
57 18 66
57 31 16
57 72 82
58 96 -70
59 35 9
60 64 75
61 41 -1
62 16 -77
63 51 -60
64 31 -50
64 52 -62
64 74 -42
64 87 28
64 97 -48
65 54 -58
65 85 28
66 40 -34
68 17 44
68 28 -5
68 47 31
70 39 49
70 50 54
70 56 44
70 81 32
70 97 13
71 1 -51
71 44 -90
72 29 81
73 5 -28
73 20 -20
73 32 30
74 81 -6
74 82 -30
76 65 9
76 74 -2
76 84 67
76 95 70
77 70 -18
78 1 -9
78 65 -16
78 77 22
78 92 29
79 34 71
79 44 -17
79 70 59
80 32 30
81 64 23
82 70 68
82 82 2
83 32 -21
83 44 -79
84 35 18
84 47 -20
87 26 14
87 30 -6
87 63 6
88 54 -33
88 80 -34
88 97 -26
88 100 45
89 31 -56
89 58 -58
90 82 -50
91 38 25
91 67 34
91 68 92
92 65 -2
93 4 -23
93 6 29
93 55 43
94 3 0
94 50 -11
95 10 41
97 30 47
98 40 -57
99 67 -13
99 76 20
100 1 -41
100 15 4
100 100
1 57 -41
1 72 42
2 50 -28
3 38 -8
4 16 -85
5 55 47
6 72 5
6 87 -87
7 92 -57
8 37 -40
8 99 -37
9 63 80
10 42 54
10 68 -15
10 70 29
10 89 -19
11 39 7
12 18 -19
12 73 -14
13 20 -39
13 29 4
13 46 -34
14 20 30
14 82 84
14 91 46
15 2 35
15 19 59
15 63 93
15 94 1
16 46 7
16 58 46
16 78 33
17 57 -89
18 16 -81
18 95 -85
19 33 2
19 50 -18
20 40 6
20 53 13
20 85 -3
20 97 -13
21 39 -38
21 62 32
21 92 -21
22 1 16
22 15 -23
22 21 -16
22 35 25
23 97 -46
24 13 -27
24 74 41
24 100 -43
25 50 -45
26 38 -12
26 90 -28
27 37 -34
28 55 80
30 39 -54
30 95 -63
31 12 -8
31 34 -62
31 47 -31
31 56 -28
31 59 -8
31 91 -51
31 99 -95
32 30 32
32 67 36
32 70 2
33 18 12
34 27 0
35 3 13
35 17 -50
35 18 -23
35 25 29
35 65 -50
36 76 27
36 87 -9
37 17 -2
37 55 80
38 50 -14
39 66 -78
40 6 32
40 92 -23
41 66 -17
42 15 14
43 17 -74
44 24 63
44 28 49
45 18 4
46 73 -55
47 18 0
48 50 -32
49 18 3
50 91 35
51 8 12
51 16 -83
51 22 12
51 44 -35
51 66 -66
52 77 -41
53 86 -30
54 50 -38
55 5 -17
55 38 -55
55 48 -3
56 19 -19
56 61 16
56 93 -69
57 37 -74
58 26 -6
58 32 0
58 48 53
58 54 -34
58 60 3
59 6 14
59 55 17
60 39 6
61 24 52
61 71 6
62 100 -71
63 73 8
64 42 7
64 54 -82
65 50 -74
65 80 -25
66 86 31
67 50 -67
68 57 -86
69 66 -78
69 79 -61
69 81 -20
70 46 -51
71 69 11
71 100 -81
72 66 -46
73 72 0
74 10 4
74 15 -49
74 31 -5
74 36 -49
74 41 -38
74 51 10
74 52 -44
74 75 -36
75 63 16
75 73 -48
76 73 -60
77 7 -79
77 27 -87
77 49 -41
77 64 -9
77 86 -34
78 99 -67
79 18 -24
80 11 -39
80 33 -18
80 78 20
81 9 -79
81 23 8
81 77 -30
81 86 -16
81 96 10
82 39 -15
83 57 -62
84 73 6
85 4 -60
85 30 5
85 97 -84
85 98 -50
86 95 -39
87 28 9
87 77 -6
88 78 6
89 24 69
89 71 23
90 70 -27
91 61 82
91 80 36
91 83 56
92 85 -3
93 14 -69
93 45 -66
93 57 -66
93 74 15
94 50 -52
95 27 -41
95 88 30
95 90 -34
96 76 23
96 85 2
97 35 -1
97 81 7
98 37 -30
98 43 52
98 69 67
98 84 38
99 17 -25
100 50 -31
100 100
1 54 -16
1 87 -34
2 49 66
3 37 20
4 72 22
5 28 43
5 91 0
5 96 -8
6 30 6
6 68 32
7 16 38
7 49 37
8 16 50
9 18 -68
9 31 -38
9 50 -13
9 62 1
10 16 69
11 85 1
12 72 -15
12 82 2
13 33 28
13 78 0
14 7 29
14 10 6
14 54 12
14 73 26
14 75 -21
15 9 -50
15 28 34
16 65 -58
17 13 -31
17 20 -33
17 21 -27
17 22 27
18 56 -4
19 76 75
19 85 41
19 92 89
20 42 -6
20 71 2
21 37 10
22 8 -48
22 61 5
23 1 10
23 3 23
23 5 -7
23 6 -27
23 17 -18
23 19 26
23 23 -27
23 24 11
23 25 23
23 27 32
23 34 -7
23 36 -27
23 40 -28
23 41 1
23 43 18
23 47 -12
23 53 -16
23 60 43
23 64 -28
23 67 14
23 70 34
23 84 -38
23 89 41
23 90 25
23 93 0
23 97 -16
23 98 -5
23 100 51
24 42 8
25 12 -79
25 33 -32
25 59 -29
25 65 -88
26 15 6
26 26 -1
26 85 14
27 21 22
27 39 37
28 65 -8
29 31 -42
29 63 -12
30 83 40
30 91 32
31 40 -56
32 91 -26
33 57 14
34 88 65
35 10 -57
35 22 -1
36 51 40
36 88 37
37 4 -69
38 30 -26
39 48 -36
39 56 -8
40 45 72
41 56 -47
41 57 -36
42 14 51
42 45 76
42 71 55
42 86 42
43 16 -1
44 49 80
45 82 8
46 30 -44
47 65 -10
48 40 -74
48 42 -22
48 95 -77
49 72 13
50 37 83
51 11 -36
51 99 -19
52 50 25
52 87 -24
53 83 -21
54 45 37
54 48 -42
55 15 -39
55 46 -39
55 88 3
56 45 75
57 61 -33
58 49 44
59 85 -21
60 49 62
61 8 -1
62 49 47
63 32 -53
63 44 -11
64 51 38
64 66 -3
64 80 19
64 82 17
65 71 54
66 44 14
67 4 -41
67 30 1
67 52 12
68 94 30
69 83 -12
70 2 -35
70 9 -70
70 49 10
71 94 42
72 8 -68
72 74 -1
72 77 -58
72 99 -50
73 44 -13
73 72 -28
74 82 55
75 85 -10
76 31 -16
76 63 14
77 82 45
78 61 -1
78 79 -46
79 8 -38
80 94 -39
81 39 -10
81 79 -39
82 94 -24
83 29 -15
83 38 44
84 94 -17
85 29 -33
85 94 2
86 11 -91
86 16 -7
87 83 4
88 37 88
89 45 85
90 37 56
91 4 -80
91 58 2
91 69 5
91 76 2
92 49 -1
93 37 11
93 94 -29
94 85 -48
95 32 11
95 38 64
96 78 32
96 83 58
97 35 45
97 55 0
97 65 -18
98 87 5
99 37 25
99 57 -13
100 35 21
100 68 19
100 100
1 49 45
2 1 -82
2 45 9
2 84 -8
3 78 -25
4 55 56
4 58 0
5 48 50
6 19 6
6 67 -51
7 94 8
7 95 5
8 14 -11
9 7 28
9 36 -35
9 83 -5
10 47 2
11 43 -39
11 62 -22
11 66 -39
11 91 14
11 96 -42
12 98 34
13 12 -50
14 22 21
14 63 89
14 74 77
15 93 54
16 12 -30
16 77 19
17 8 8
17 31 10
17 32 3
18 40 34
18 51 -34
19 18 36
19 27 37
19 77 74
20 4 -43
20 30 -71
20 51 -79
20 71 17
21 47 -18
22 14 24
23 9 -38
23 52 -3
23 58 -36
24 78 19
25 47 -18
26 95 26
27 32 23
28 27 29
28 72 56
29 48 -3
29 69 3
30 13 -16
30 35 -48
30 53 -34
30 67 -78
31 25 -5
31 43 -51
32 25 3
33 14 38
34 32 23
34 82 13
35 24 -64
35 41 -32
35 72 -1
35 81 -54
35 100 -19
36 45 66
37 43 -45
38 30 -90
39 47 -81
40 16 -15
40 85 -27
41 83 31
41 95 33
41 99 -7
42 43 -1
43 49 25
43 53 -17
44 50 47
44 93 71
45 47 -26
46 9 -55
46 69 0
47 93 -4
48 95 -23
49 21 -22
49 23 -16
49 42 23
49 46 1
49 85 -24
49 90 7
50 11 -1
50 14 17
50 39 -47
50 44 2
50 73 -38
50 79 30
50 86 -35
50 87 -16
50 92 -15
51 30 -15
52 28 60
52 33 15
52 70 -24
52 75 11
52 98 34
53 14 51
54 47 -43
55 73 -26
56 47 -20
57 47 -32
58 30 -61
59 100 38
60 60 -12
61 72 -3
62 3 -28
62 55 -14
63 95 -48
64 74 49
65 10 -27
65 30 -72
65 49 14
66 3 -22
66 78 -13
67 2 -29
67 20 49
67 56 -28
67 57 -24
67 68 -20
67 80 1
68 6 -49
68 37 -27
68 40 -21
68 74 -8
69 47 -10
70 60 15
71 69 52
72 70 -39
73 21 11
73 73 -11
74 50 2
74 82 26
74 88 37
75 2 -24
75 38 40
75 48 14
75 59 4
76 15 22
76 16 40
76 60 69
76 76 22
76 97 38
77 17 89
77 100 58
78 74 37
79 31 19
79 78 -21
80 47 -15
81 2 2
82 31 37
83 14 -9
84 1 -87
84 22 -64
84 26 -90
84 29 -65
84 89 5
85 31 23
86 51 -92
87 19 28
87 47 -36
88 5 48
88 34 27
88 36 6
88 98 54
89 25 -14
89 60 13
90 95 -4
91 17 45
91 57 -33
92 47 -43
93 65 43
93 91 52
93 93 67
94 14 4
94 94 -24
95 12 -22
95 45 25
95 54 -35
95 61 -29
95 64 -18
96 74 62
97 31 54
98 95 28
99 43 -15
100 17 87
100 100
1 8 -7
1 16 1
1 53 -7
1 86 9
1 98 31
2 34 -22
3 79 66
4 1 5
4 63 -40
4 100 -57
5 16 32
5 51 45
5 71 2
5 81 27
6 53 -10
6 69 30
6 89 24
7 48 2
7 84 -39
9 95 -25
10 37 -76
10 39 -6
11 77 -44
11 79 22
12 60 -14
13 9 22
13 82 -17
14 13 -36
14 48 -23
14 97 -27
15 45 -8
16 3 -17
16 85 34
17 92 -41
18 26 -3
18 58 -57
18 66 11
18 88 16
20 5 -62
20 54 -58
22 6 3
22 43 -83
22 44 -26
22 52 -23
23 14 50
23 20 26
23 25 52
24 3 22
24 23 27
24 49 -11
25 14 0
25 74 -92
26 10 7
26 12 23
26 63 -23
27 29 -27
27 39 -8
27 53 -41
28 34 -47
29 43 -99
29 67 -36
29 79 -7
29 93 -91
30 13 -16
30 16 -16
30 69 16
30 79 26
31 80 49
31 95 18
32 44 22
32 85 61
33 41 33
33 45 7
33 59 -66
34 20 35
34 26 23
34 27 -6
35 12 -27
36 72 53
37 45 59
37 75 20
37 94 20
37 97 45
38 47 -5
39 3 -52
39 52 -37
39 55 -74
39 92 -68
40 9 6
40 14 27
40 71 -44
41 17 52
41 69 71
41 74 -12
41 86 47
41 97 48
42 10 -38
42 29 -28
42 91 -22
43 30 -31
43 31 -41
44 57 -69
44 74 -99
45 63 -40
45 74 -57
46 37 -51
46 59 -56
47 24 39
47 36 -2
48 43 -39
49 65 11
50 8 -49
50 14 0
51 42 -40
51 43 -58
52 24 7
53 5 -48
53 34 -22
53 69 24
53 77 -32
53 84 -36
54 41 0
54 67 -36
54 71 -79
55 49 -51
55 50 -25
56 4 39
56 76 31
57 39 -22
57 42 -79
57 96 -65
59 9 70
59 71 20
62 87 -25
62 94 -62
63 16 -3
63 69 29
65 58 -89
68 48 26
68 49 -25
69 42 6
70 21 -6
70 59 -88
70 70 6
70 99 -74
71 66 21
71 78 -8
71 94 -14
73 57 -40
73 76 -39
74 6 27
74 46 2
75 54 -12
76 31 14
76 59 -13
76 76 17
77 39 27
77 81 -3
77 91 14
79 18 11
79 65 72
79 92 21
80 65 -2
80 72 -16
81 11 15
81 88 40
81 96 -2
82 44 -32
82 81 -44
83 5 -86
84 18 -71
84 81 -45
85 38 -29
86 25 59
86 31 -7
86 72 32
86 100 -35
87 24 -17
87 76 -62
88 12 -35
90 85 69
90 94 7
91 60 -30
92 62 24
93 14 47
93 76 -14
93 80 29
93 88 30
94 62 63
94 77 21
96 32 -43
96 49 -40
96 75 -18
98 22 -29
98 33 -15
98 52 -34
99 36 14
99 90 4
100 25 19
100 100
1 82 7
2 47 9
3 39 -20
3 45 76
4 58 -17
5 34 26
5 51 16
6 40 -11
6 58 -12
7 49 -49
8 42 -52
9 47 12
9 54 -33
9 85 34
10 74 42
10 86 19
10 99 30
12 76 0
13 27 -10
13 56 -60
15 30 6
15 75 -2
16 29 7
16 72 10
16 79 67
17 36 25
18 12 37
18 21 10
18 30 91
18 69 33
19 54 -62
19 89 -48
20 14 -14
20 85 53
22 5 8
22 12 40
22 94 13
23 84 -28
24 10 54
24 73 4
25 18 -90
25 30 4
25 42 -76
26 33 67
27 24 -17
27 37 23
27 73 -29
27 82 6
28 49 -39
29 11 -24
29 28 -20
29 42 -27
29 43 -17
29 60 -2
30 11 5
30 51 26
30 97 47
32 69 25
32 86 19
33 93 -59
34 74 45
34 89 23
34 94 5
35 26 48
35 32 -30
35 58 30
35 70 30
36 22 18
37 71 47
38 18 -86
39 6 -76
39 15 -8
39 90 -14
40 51 35
40 67 86
42 65 10
42 69 32
42 99 37
43 11 -80
43 21 -84
43 22 -22
43 41 -8
43 90 -28
44 18 -17
44 19 49
44 83 -4
45 18 -7
45 36 25
46 20 -79
46 27 -2
46 29 -41
47 9 47
47 19 13
47 42 -39
47 45 45
47 62 -51
48 20 -59
48 39 -59
48 52 -6
50 27 58
50 40 53
50 74 32
51 37 53
51 45 77
52 21 -30
52 31 0
52 69 -7
55 36 -35
55 42 -53
56 27 53
56 38 -24
56 42 -12
57 11 -36
57 60 -14
58 47 -6
59 82 55
61 28 -9
61 64 -6
62 17 85
62 38 0
62 91 21
63 24 -8
64 21 -12
64 43 -1
64 53 -7
64 57 -15
64 59 25
64 95 26
65 6 -93
65 8 -93
65 29 -60
65 30 -6
65 53 -82
65 73 -78
65 79 0
65 86 -70
66 52 10
66 100 48
67 2 17
67 45 64
68 15 12
68 93 -26
70 17 70
70 55 -9
71 23 -51
71 43 -48
71 84 -32
72 42 -84
73 9 68
73 80 -24
74 24 -19
74 28 -32
75 23 16
75 63 59
76 73 -16
79 83 -36
80 31 -30
80 32 -60
80 100 20
81 7 4
81 17 72
82 67 -1
83 17 79
83 24 26
83 27 71
83 56 21
83 59 42
83 62 -6
83 84 32
84 67 8
85 97 48
86 74 8
87 37 7
87 50 25
87 66 -40
87 81 33
88 15 52
89 15 9
89 37 8
90 79 57
91 70 23
91 90 19
92 20 -10
93 21 -5
93 50 74
93 56 11
94 10 16
94 27 23
94 88 -44
95 21 -80
95 66 -66
96 2 4
96 26 44
97 69 6
97 74 23
99 100 48
100 28 3
100 31 25
100 91 5
100 100
1 19 -11
1 36 -34
1 52 -7
1 91 40
2 35 25
3 77 61
4 14 21
5 14 -26
6 27 -5
6 100 -10
7 83 -71
8 66 -7
9 66 -41
10 14 -25
11 14 11
12 83 -20
13 14 25
14 2 -46
14 5 -61
14 18 -32
14 30 -19
14 38 -60
14 46 -40
14 84 -61
14 90 -14
15 8 60
15 54 38
15 55 42
15 56 67
15 98 73
16 22 47
16 77 89
17 62 84
18 6 32
18 45 6
18 87 36
19 34 30
19 96 31
20 22 7
20 39 3
21 35 3
22 94 -89
22 98 -1
23 9 -63
23 100 -64
24 14 25
25 53 2
26 14 -23
27 14 -39
28 14 -18
29 14 -38
30 14 34
31 65 3
31 77 68
31 88 12
32 6 29
32 48 46
32 89 21
33 41 -20
33 81 -71
34 20 29
34 39 23
35 6 -33
36 93 -4
37 4 -78
37 23 -86
37 66 -89
38 93 35
38 97 41
39 24 -2
39 27 -29
39 61 32
40 15 64
40 16 3
40 40 67
40 68 65
40 83 -15
40 86 -9
41 34 -49
41 37 -63
42 96 39
43 14 37
44 36 -75
44 96 -44
45 38 -77
45 62 11
46 22 13
47 26 55
47 35 62
47 43 38
47 47 47
47 59 67
47 67 47
47 72 63
47 85 87
48 20 -9
48 21 -55
48 82 30
48 99 -7
50 14 14
51 10 7
51 33 -83
51 92 -45
52 100 -19
53 7 26
53 28 -56
53 57 6
53 75 -64
54 17 -73
54 25 5
54 55 -16
54 65 -45
55 14 52
55 42 -2
56 9 -49
57 4 -77
57 69 -63
57 79 -52
58 24 9
58 48 42
59 7 63
59 53 -4
59 57 43
60 14 -28
61 14 50
62 68 23
62 71 20
62 74 -15
63 100 1
64 48 -26
65 62 18
65 66 -69
65 73 -49
65 80 8
66 33 -55
67 9 -83
67 81 -78
68 9 -9
69 52 30
69 63 16
69 87 43
70 4 -2
71 39 5
72 14 56
73 6 -42
74 53 14
74 79 24
75 14 -14
76 71 76
77 96 29
78 14 -24
79 13 -56
79 33 -62
79 97 -21
80 1 40
80 10 64
80 12 65
80 21 -21
80 31 -33
80 32 -25
80 50 18
80 51 32
80 70 42
80 78 65
81 14 24
82 14 21
83 11 2
83 41 47
83 64 28
84 14 -8
85 94 -92
86 14 -16
87 14 33
88 29 -48
88 35 -21
88 93 -46
88 95 -88
89 43 -31
89 83 -66
90 14 8
91 87 -17
92 14 -25
93 3 34
93 37 6
93 42 -24
93 44 40
93 49 24
93 58 -17
93 60 2
93 76 35
94 35 -4
95 38 -86
96 2 -13
96 71 52
97 14 17
98 14 2
99 100 -44
100 64 -26
100 94 -63
100 100
1 7 -1
1 29 23
1 94 45
1 95 -32
2 51 -32
2 89 1
3 47 41
4 54 40
5 54 6
6 50 -10
6 59 1
7 69 -4
8 33 2
8 54 40
8 65 -15
8 73 35
9 3 5
9 22 37
9 41 25
10 11 -21
10 51 -64
10 84 24
11 54 -29
12 69 71
12 79 10
13 21 -33
13 38 -6
13 40 -83
13 70 6
14 54 48
15 54 -36
16 54 50
17 69 70
18 54 -30
19 54 -25
20 15 7
20 28 4
20 66 -51
20 72 -18
21 54 58
22 44 -6
22 57 19
23 49 -52
23 56 -1
23 71 -23
24 8 -51
24 72 -41
25 7 6
25 64 17
25 78 50
26 53 -24
27 78 19
28 66 -34
29 56 31
29 65 -26
30 40 -51
31 20 -51
31 52 -21
31 80 -21
31 91 -63
31 92 -14
31 94 7
32 66 -62
33 18 58
33 62 76
33 79 14
34 54 -13
35 47 29
35 59 -12
36 54 -16
37 66 -32
38 78 39
39 54 21
40 84 70
41 34 80
41 91 7
42 51 9
42 89 42
43 31 90
43 36 68
43 47 61
43 86 40
44 13 21
44 19 42
44 36 74
44 43 100
45 85 59
45 93 9
46 54 -26
47 63 -71
47 69 9
48 4 -34
48 45 -34
48 81 42
49 50 2
49 60 17
50 66 -4
51 54 46
52 54 -2
53 18 -16
53 23 0
53 99 -6
54 42 35
54 84 70
55 67 -32
55 78 10
56 54 29
57 53 -74
58 54 25
59 5 -70
59 25 -20
59 27 17
59 32 -34
59 35 -37
59 37 -70
59 40 -72
59 48 -23
59 67 -27
59 74 2
59 77 1
59 90 -42
60 8 9
60 17 49
60 53 -5
60 75 51
61 54 26
62 54 12
63 54 13
64 94 79
65 4 4
66 6 -76
67 4 -47
67 60 -35
68 12 -9
68 42 41
68 99 59
69 44 -21
70 54 37
71 81 78
72 66 -5
73 7 -43
74 54 -5
75 58 -55
75 83 -14
76 58 -42
77 54 -28
78 19 -56
78 24 -10
78 53 -78
79 6 -46
79 9 36
79 46 45
79 61 -5
79 87 3
79 93 -10
79 100 21
80 40 -8
81 3 24
81 66 -3
81 88 45
82 54 57
83 54 44
84 68 30
84 70 38
84 76 -15
84 82 12
84 98 43
85 54 -23
86 10 18
86 30 57
86 49 8
86 96 25
86 97 59
87 81 17
88 2 -23
88 81 69
88 96 1
89 67 33
90 54 -28
91 19 -4
92 54 38
93 26 -11
93 44 -27
93 63 -35
94 14 -34
94 34 62
94 55 0
94 83 22
95 39 55
95 57 32
95 58 6
96 16 42
96 22 20
97 65 -88
98 54 28
99 6 -74
99 16 10
100 82 -21
100 85 4
100 100
1 16 33
1 28 30
1 32 -24
1 48 24
1 89 -17
1 96 40
2 48 1
3 9 -19
3 14 47
3 62 20
4 14 38
4 42 15
5 99 -15
6 29 43
7 24 -34
7 25 -26
7 77 -42
8 23 8
8 55 35
9 56 12
10 45 -37
10 91 -13
11 36 -30
11 52 6
11 61 1
12 36 -12
13 58 45
13 96 73
14 11 82
14 38 81
14 56 52
14 60 26
15 49 -38
16 22 2
17 96 54
18 49 15
19 94 9
20 56 54
21 58 11
22 19 20
22 48 24
23 17 -22
24 1 -85
24 18 -7
24 85 -13
25 56 52
26 59 -7
26 65 11
26 98 -8
27 14 91
28 2 32
28 75 29
28 88 -13
28 99 -30
29 14 37
30 94 15
31 88 22
32 41 21
33 24 -14
34 65 24
35 42 24
35 72 -44
36 10 -78
36 90 -54
37 10 -16
38 5 37
38 46 69
38 54 -3
38 77 35
39 62 -34
40 4 7
40 34 4
40 50 38
40 51 -24
40 70 -7
40 74 -6
40 83 41
40 87 -10
41 39 41
42 63 31
42 67 -2
42 86 5
42 93 8
42 95 64
43 20 36
43 27 48
43 41 31
43 72 -44
43 78 2
44 22 78
44 94 8
45 94 -41
46 55 -38
46 58 -26
47 17 -11
47 68 56
47 90 1
48 5 19
48 53 46
49 39 10
49 85 6
50 12 49
50 15 -3
50 30 -27
50 35 35
50 40 22
50 71 25
50 73 -23
50 79 63
51 22 62
52 67 -29
52 82 64
53 18 75
53 97 42
54 77 -5
55 3 -35
55 8 -43
55 41 15
55 61 -22
55 66 -41
55 76 -52
55 81 -12
56 88 -35
57 10 -11
58 29 8
58 69 -19
58 82 3
59 59 28
60 85 13
61 24 31
62 45 2
62 84 74
63 80 -21
64 84 63
65 17 -69
66 21 -43
66 38 8
66 59 -28
67 6 75
67 13 53
67 19 49
67 97 29
68 45 -50
69 26 86
69 35 69
69 44 56
70 39 73
70 47 66
70 93 4
71 88 -4
72 22 77
73 24 16
73 49 11
74 23 -36
75 48 -7
76 88 -30
77 7 -58
77 23 -44
77 62 -1
78 24 -10
79 10 -68
79 43 -71
79 51 -71
79 64 5
79 92 -77
80 49 35
81 96 -3
82 80 -13
82 84 16
83 94 24
84 26 9
84 36 -68
85 72 -75
86 33 23
86 83 60
86 94 12
86 100 1
87 29 95
87 65 66
88 22 17
88 53 -2
89 88 0
89 91 2
90 37 41
90 49 42
91 49 -15
92 80 -6
93 62 -31
94 39 72
95 58 13
96 14 53
97 56 -35
98 94 -48
99 17 -37
99 99 -50
100 31 46
100 37 37
100 56 46
100 57 4
100 100
2 76 19
4 18 -19
4 21 -59
5 84 21
6 19 -23
6 35 -43
6 47 -1
6 49 -7
6 53 -7
7 69 -35
8 5 85
8 97 41
9 65 17
9 75 -6
10 16 18
10 34 7
10 48 42
10 53 10
10 63 21
12 70 -29
12 88 -62
13 42 -34
14 70 44
14 86 56
15 37 -53
15 70 -18
16 28 -39
16 56 23
16 66 10
18 5 13
18 72 27
18 94 5
19 18 -17
20 26 -22
20 27 27
20 34 10
20 82 4
21 95 15
21 100 -32
22 81 -63
22 96 2
23 44 -39
23 89 -4
24 32 44
26 45 48
27 33 78
27 48 74
27 90 65
27 96 57
28 1 35
29 16 33
29 24 13
29 53 25
29 80 65
30 24 -51
30 30 -31
30 43 0
30 93 -55
31 9 52
31 32 12
32 19 16
32 62 16
32 66 48
33 66 20
34 41 -14
34 59 -2
34 97 0
35 28 -47
36 16 51
36 23 44
36 38 60
37 46 -38
37 49 9
38 8 6
38 21 -14
38 26 -10
39 31 21
40 72 72
41 74 -8
42 20 -53
43 28 -16
43 53 17
43 71 13
45 38 23
45 60 -18
45 75 -30
46 9 62
46 15 10
48 3 -37
48 42 -53
49 12 25
49 27 29
49 29 37
49 74 42
52 50 -52
52 57 -52
52 87 -78
53 87 -37
54 2 -12
54 94 52
56 27 4
56 29 12
56 33 26
56 47 -4
57 39 -34
57 76 3
57 97 -35
58 6 -44
58 10 -43
58 73 48
58 91 36
59 25 29
59 51 -10
60 78 -5
60 79 -13
61 90 29
62 26 -23
62 56 41
63 73 14
64 65 -26
64 99 -35
65 3 31
65 86 54
66 49 7
67 33 14
67 50 -42
67 90 1
68 49 39
69 25 -12
69 51 -51
70 56 -13
71 21 -38
71 23 2
71 35 -35
71 48 33
72 21 -77
72 35 -74
72 59 -50
72 61 -15
73 8 -53
74 10 -41
74 43 47
74 86 25
75 46 -17
75 78 55
76 82 18
76 85 -6
77 14 45
77 45 46
78 40 -45
78 43 -5
79 40 18
79 47 25
79 100 1
80 55 -16
80 88 -38
81 34 -27
82 13 1
82 60 -34
82 98 20
83 7 21
83 73 21
84 20 -36
84 22 32
85 18 -1
85 66 14
86 10 -46
87 11 -17
88 29 45
88 96 38
89 11 -4
89 60 -32
89 81 -58
90 24 12
91 10 -87
91 41 -62
91 49 -38
92 31 -11
92 33 -7
92 78 -18
93 3 -42
93 17 -36
94 21 -79
94 94 -14
95 1 -16
95 13 -8
95 84 -26
95 98 11
96 22 29
96 28 -34
96 34 -4
97 26 -27
97 46 -39
97 52 32
97 63 19
99 89 3
99 91 45
100 6 -80
100 14 -30
100 100
1 71 30
2 38 -42
2 68 2
2 72 -9
2 90 -24
3 66 1
3 74 18
4 43 -25
5 57 79
6 75 -55
7 26 9
7 93 56
8 30 -53
8 58 -54
9 53 -58
9 64 -50
9 73 -52
10 43 30
11 10 4
11 22 -26
11 79 -3
11 80 -20
12 75 -98
13 8 37
13 20 -20
13 25 -19
13 44 37
13 65 -3
13 75 -49
13 87 1
13 91 -33
13 92 49
13 95 -39
13 100 -22
14 22 -5
14 62 -1
15 26 5
15 27 -20
15 60 8
15 76 29
15 96 -37
16 13 -92
17 19 -4
17 57 4
18 33 22
19 22 -61
20 15 -8
20 88 24
21 16 26
22 79 14
23 18 14
23 43 -24
23 59 -26
24 73 -27
25 73 6
26 15 28
26 33 19
27 74 -26
28 16 15
29 23 -74
29 28 -38
29 50 -48
29 61 -38
29 71 -6
30 7 19
30 16 14
30 32 48
30 85 31
31 34 70
31 35 -19
32 82 -15
33 6 11
33 17 -14
33 61 12
33 67 -28
34 62 -1
34 84 61
34 88 57
35 8 4
36 22 12
37 13 -29
38 48 39
38 97 14
39 13 -56
39 29 -19
39 77 -50
39 79 -13
39 81 -21
40 75 -81
41 2 31
41 8 34
41 98 -4
42 1 -18
42 35 -89
42 52 -66
42 68 -36
42 86 -24
43 16 18
43 66 19
44 74 -32
45 22 -34
46 57 15
47 74 17
48 43 -23
49 17 19
50 14 -23
50 33 4
50 70 23
51 34 60
52 22 -64
53 17 -64
54 13 -16
55 75 -46
56 9 -54
56 19 -24
57 58 -53
58 27 -4
58 76 45
59 46 -19
59 82 -88
60 15 -48
61 14 -27
61 17 -21
62 74 19
63 34 5
63 64 -55
64 46 17
64 93 37
65 17 -54
66 21 30
66 73 25
67 18 18
67 74 -9
67 99 -50
68 74 56
69 16 0
70 2 -7
71 33 10
72 33 41
73 24 34
73 30 -39
74 75 2
75 9 -38
75 55 -10
75 58 -76
76 39 6
77 63 3
78 22 -77
79 33 -34
80 22 -38
81 19 67
82 74 30
83 39 -25
83 94 14
84 57 -12
85 39 -63
85 63 -57
85 69 3
86 22 -1
87 76 -26
88 7 42
88 24 74
89 57 77
89 82 -3
90 48 11
90 94 -37
91 13 -45
91 72 2
92 3 -43
92 4 -26
92 5 -51
92 11 -72
92 21 -61
92 31 -47
92 36 -61
92 41 -15
92 42 -74
92 45 -22
92 47 -4
92 49 -57
92 51 -89
92 54 -46
92 56 -62
92 78 -62
92 89 -98
93 2 -15
93 37 -6
93 63 -82
94 22 -56
95 76 -8
96 40 16
96 43 4
96 97 26
97 61 23
98 34 56
99 76 13
100 71 63
100 75 -15
100 83 4
100 100
1 42 -31
1 78 26
2 8 -54
2 64 -17
3 15 -7
3 19 -23
3 80 13
4 46 -5
5 10 -9
6 25 -95
6 32 -50
7 2 75
8 17 -2
8 21 25
9 1 66
9 57 -34
9 77 33
9 82 -26
9 93 -32
10 42 -70
11 25 -80
12 10 -84
12 56 -63
12 75 -62
12 88 -20
13 46 45
14 9 10
15 2 3
15 69 -18
16 20 11
16 37 73
17 28 -9
17 38 7
17 70 43
17 80 58
17 90 -11
17 92 10
18 97 42
19 37 35
20 58 6
21 17 25
22 46 41
23 30 19
23 58 30
24 46 -15
25 24 -12
25 67 0
25 71 -71
25 86 -48
25 89 -19
26 65 40
26 75 18
26 76 59
26 97 75
26 100 19
27 53 -10
27 87 -74
28 46 -38
29 46 6
30 69 50
31 87 -3
32 7 16
32 43 27
33 31 -28
33 46 -40
33 66 -84
34 46 -21
35 3 -66
35 78 -21
35 89 -43
36 75 -11
37 58 -21
38 16 -2
38 23 -19
38 28 -74
38 84 -36
39 9 -7
40 42 -76
41 25 -19
42 83 73
43 20 15
43 97 71
44 31 65
45 46 15
46 9 35
46 62 -38
47 12 -50
47 69 -10
48 46 49
49 16 49
49 74 15
50 40 -14
50 42 -62
50 48 2
50 53 -7
50 59 -35
50 95 18
51 17 -56
51 34 -5
51 37 6
51 41 -35
51 44 -16
51 52 -23
51 96 -46
52 46 50
53 12 -14
54 46 39
55 54 4
55 72 -53
56 14 12
56 35 -7
57 1 9
57 9 -12
58 69 40
59 22 -17
59 50 0
59 63 -48
59 83 0
59 91 -21
59 94 -21
60 4 -35
60 13 11
60 29 -32
60 45 10
61 10 -1
62 42 -22
63 61 44
64 12 -51
65 78 61
66 8 -20
67 46 -3
68 24 -26
68 81 -55
68 83 -13
69 46 17
70 5 -27
70 21 -35
71 45 48
72 8 2
73 7 19
73 13 47
73 49 57
73 60 22
73 73 49
73 99 -17
74 9 18
75 46 42
76 46 27
77 69 -22
78 11 -23
78 30 40
78 47 19
78 68 -16
78 79 45
78 87 -16
79 25 -2
80 10 -21
80 51 12
80 58 49
81 2 51
81 93 -46
82 5 53
82 26 18
83 35 -64
83 39 -62
84 46 -10
85 33 -28
85 45 20
85 72 -42
86 46 -10
87 54 29
88 46 -42
89 6 -42
89 31 23
89 61 14
90 46 -30
91 15 53
91 64 46
92 18 -24
92 36 -9
92 54 29
92 62 -28
92 85 4
93 61 11
94 43 -18
94 94 -17
95 61 43
95 98 -3
96 14 -21
96 32 -20
96 55 13
97 25 -66
97 26 -38
98 8 -20
98 27 37
98 39 -7
99 10 -16
100 74 -41
100 98 -81
100 100
1 37 -20
1 41 35
2 29 -28
2 33 -1
3 48 60
3 51 72
4 95 -42
5 26 -23
5 37 5
6 81 5
6 82 -54
6 83 -40
7 88 50
8 7 -17
9 46 -7
9 86 -72
11 38 66
12 34 3
12 64 9
12 81 -11
13 57 13
15 54 -27
15 82 -67
17 15 51
18 22 27
18 89 -2
19 30 -19
19 33 -27
19 35 -56
19 43 -10
19 83 -51
20 17 23
20 53 33
20 66 38
21 35 -12
22 70 52
22 77 64
23 58 -3
23 64 4
24 15 44
24 26 -28
24 52 65
24 60 30
24 90 -20
25 54 19
26 40 58
27 5 49
27 85 -16
27 100 -5
28 94 12
30 52 92
30 59 79
31 14 -41
31 38 32
31 39 -33
31 78 -11
32 80 0
32 94 39
33 11 -38
33 21 -71
33 77 28
34 3 -89
34 46 -2
35 62 36
35 97 -42
36 71 13
36 72 23
37 75 -3
38 26 -84
38 37 -56
39 49 -1
39 64 -19
40 3 -10
40 38 72
41 9 72
42 4 -23
43 89 -16
44 9 -14
44 28 -11
44 91 -83
45 3 -22
45 12 58
45 28 54
45 92 34
45 95 -24
47 35 -23
47 87 47
48 9 1
48 14 -63
48 25 -34
48 39 -55
48 71 -34
48 96 -26
49 7 -55
50 29 -24
50 55 40
50 62 45
51 68 -80
53 19 -71
53 89 -15
54 22 6
54 30 -41
54 76 -44
55 61 -87
56 26 -9
56 67 61
57 84 31
57 89 50
59 33 -27
59 60 -7
59 97 -63
60 40 -4
61 26 -45
61 46 45
61 51 33
62 8 18
62 34 49
62 42 71
63 34 -2
63 37 -47
64 35 9
64 49 97
68 56 -7
69 53 52
69 81 21
69 100 -4
70 48 30
71 8 0
71 58 30
71 96 7
72 65 -31
72 94 52
73 36 -21
73 46 3
73 93 -53
74 50 3
74 55 37
74 78 4
74 90 -30
75 30 -43
75 80 -31
76 91 -21
78 83 -44
79 77 82
79 95 -15
80 36 -24
81 76 2
82 34 39
82 50 7
82 76 9
83 8 -51
83 72 -42
83 78 -51
85 83 -46
86 12 79
86 27 64
86 60 54
87 33 -35
88 26 -50
88 50 -9
88 62 30
89 13 -7
89 42 64
89 60 27
89 78 11
89 96 18
90 66 24
91 45 72
91 65 -1
92 2 -49
92 8 -56
92 12 -15
92 19 -90
92 21 -99
92 60 -40
93 26 -66
93 38 19
94 19 -14
94 81 37
95 30 41
95 36 61
95 54 35
95 62 75
95 93 29
96 38 -3
96 91 -81
97 96 12
98 2 29
98 8 22
98 10 -20
98 19 -12
98 97 -18
99 22 11
99 23 -42
99 67 -12
100 29 -27
100 54 2
100 87 41
100 95 -37
0 0
