9
12 2 13 3 6 8 9 7 1
5
9 7 5 3 1
13
153 156 150 152 162 154 159 155 158 151 160 161 157
9
100 101 102 200 201 202 300 301 302
14
5261 7905 6772 7102 9113 2778 8662 3401 7314 1952 2322 445 6675 7873
30
4197 5979 5623 8136 9321 9393 9621 4486 3145 8156 4861 5299 8329 6488 8375 4488 164 5229 7770 3420 8163 2157 3993 1382 5618 9041 1987 2677 2642 2795
69
5838 4780 4267 6540 4883 2822 4384 5348 4055 3267 9398 8307 1359 951 5793 4075 707 3217 8366 8340 4535 9414 2614 2601 257 9488 496 5783 1275 3121 5382 5833 2011 6957 946 4767 5542 3513 8274 4093 8751 4597 2705 5882 290 2219 3615 1511 4136 306 9468 4182 9492 758 6253 345 4474 5458 1571 2263 1120 8688 1849 2644 3816 6950 341 8234 7098
14
355 8793 5154 9854 1834 7659 6593 9335 3370 8323 8332 8462 3776 3136
64
580 3395 8536 6433 8329 8475 5139 5277 4076 988 1658 7552 974 6228 123 8786 8764 3138 6346 283 9706 8222 2126 9912 6383 4630 6348 2050 9231 5405 1631 9449 280 7198 1977 3375 2473 5459 7459 1226 8045 463 9328 5636 8479 8320 8867 6283 3086 5724 6829 642 7319 509 5918 162 4342 1010 1246 9860 2626 6779 773 9785
14
8670 8664 8667 9117 8663 8662 9116 9113 8669 9115 9114 8665 8668 8666
95
2176 3434 2169 3450 3444 3435 3451 3431 3427 2162 7770 174 2160 169 3437 3448 7786 165 7775 170 3421 2174 2161 3443 2163 5231 7787 7774 7780 7773 2179 2171 7785 3439 177 7788 3440 176 3425 7779 164 3449 3442 167 7771 2180 3446 3433 7783 7777 2175 3436 3423 3441 3430 175 2177 7778 3422 173 3424 7781 2158 3428 8163 7782 2170 3447 3438 5230 2166 168 166 2167 7784 7776 2165 3429 2181 3445 172 8164 2172 3432 5229 2168 3420 7772 2157 2173 2178 2159 2164 3426 171
45
5304 1668 5287 7554 5289 5291 5300 5302 5294 5286 5303 1663 1661 1665 1662 5277 1658 4076 5280 5278 5298 1660 5305 5297 5282 1664 7553 1667 5288 5301 1659 5284 5290 7552 5279 1666 5296 5299 5295 5285 5293 5281 5283 5292 988
83
6355 6356 3726 5958 5949 6354 5970 6347 7560 6657 5963 3728 5954 3724 5947 6348 6661 6345 5946 3730 3737 3735 7566 3731 6352 5952 5968 7559 5955 3738 6350 5967 5965 3729 5960 7556 5961 5948 6353 6659 7567 5962 7558 7565 3736 5964 5956 6357 6658 6654 3727 5966 3740 3725 3732 7564 6660 6349 5945 7562 3734 3742 3733 5951 3741 7568 6655 3744 6346 5957 5959 3739 5953 6351 5950 7561 7555 5969 6344 7557 3743 6656 7563
72
9677 9096 9669 9675 8048 9094 9671 9680 9666 9674 8051 8063 9663 8073 8074 8077 9676 8045 8076 8062 8040 8039 9679 8075 9097 8038 9095 8050 8057 8070 8071 8068 8055 9093 8049 8047 8058 8056 8072 8053 9092 8044 8052 8066 8069 9667 8041 8065 8064 8043 9664 8034 8035 9098 9668 9670 8033 9678 9665 8078 8067 8061 8042 8036 9672 8060 9662 8054 8046 8037 8059 9673
100
2803 2822 3422 3427 2788 3402 3425 2780 2806 8668 8665 2779 2800 2790 8670 3406 2794 2809 2819 2801 3412 2793 8663 2834 3421 2791 2831 2799 2787 2828 3415 2825 2786 2820 2802 2823 3418 2807 2816 8664 2830 2795 8671 3413 2813 2812 2832 2804 8666 2833 2785 2796 3424 8667 3426 3416 2815 2808 2789 8675 7314 3410 3417 8674 2824 2778 3404 3411 2817 3403 2792 8672 2818 2827 3420 3408 2781 8669 2810 2826 8662 2782 3407 2814 3405 2821 2798 8673 3401 3428 3414 2783 3419 2784 2797 2829 2811 3423 3409 2805
100
341 7115 8244 7141 8248 7137 7112 7114 8239 346 7127 7105 7124 8238 7129 8254 8259 7140 7128 7123 344 7106 8236 8263 7142 7143 8234 7104 7102 352 8265 7113 8241 350 8235 7125 8268 8270 7131 8262 8261 7107 8260 8237 8242 8246 7108 7119 7121 8271 8266 7120 7135 7132 8269 8267 7116 342 8257 345 8245 348 349 8272 8264 8253 8250 7122 7133 7144 3269 7145 8249 7101 7110 7109 8247 7136 7117 8258 7118 7111 7126 7130 7103 8252 7138 7139 7134 347 7099 7098 8240 8243 351 8251 7100 343 8255 8256
100
8687 8773 8683 8716 8682 8730 8746 8700 8745 8690 8742 8729 8732 1253 8726 8723 8738 8701 8733 8714 8708 8703 8739 8765 8762 8771 8697 8744 8712 1256 8691 8764 8713 8720 8767 8685 8704 1257 8757 8760 8693 8768 8769 8758 1254 8707 8696 8684 8709 8772 8750 8711 8721 8728 8710 8761 8722 8736 8688 8724 1252 8748 8717 1251 8752 8734 8692 8747 8743 8698 8770 8749 8735 8731 8718 8727 8705 8706 1255 8751 8699 8719 1258 8754 8759 8763 8755 8715 8694 8766 8756 8695 8702 8689 8737 8740 8686 8725 8753 8741
100
7578 5108 5105 6678 7571 5103 6680 5097 4639 5114 5098 5122 5138 5111 7574 5086 7573 7568 5142 6677 7572 5141 5130 5096 5143 7575 5089 5112 4636 5145 5099 5136 5088 5085 7585 7590 5119 5116 5140 4634 6676 5146 5125 7584 7569 5132 5091 7580 4641 5127 5124 5126 5107 5106 7588 7576 5117 6679 5134 5137 5120 7581 4638 5144 4637 4635 5100 5118 5123 5109 7582 7586 5104 5131 5121 5139 5113 7570 5092 5102 7583 4640 7579 5128 5115 5090 5135 5101 5094 7567 7589 5087 5093 5095 5129 4633 5133 5110 7587 7577
100
5032 1528 2857 2855 7375 5058 5036 5030 5056 2065 1514 2062 5040 7387 5042 5047 2064 5029 1515 7378 5060 7377 5031 5012 5057 1530 5023 5048 7385 1521 7376 7386 5051 5052 1527 7381 7374 1512 2858 5011 5014 5038 1524 1520 5041 5016 7372 5043 5055 7388 5020 7379 1519 5033 5061 1529 1518 2063 1517 7384 5015 5013 5022 5037 5050 5025 5046 7383 1513 1516 2856 2061 7373 5059 2066 5017 1522 5024 5026 5044 2067 7380 5049 1523 5027 7382 5045 5053 5028 1511 5054 2068 1525 5021 5019 5039 5018 5035 5034 1526
100
4747 5261 7905 6772 7102 9113 2778 8662 3401 7314 1952 2322 445 6675 7873 3130 4197 5979 5623 8136 9321 9393 9621 4486 3145 8156 4861 5299 8329 6488 8375 4488 164 5229 7770 3420 8163 2157 3993 1382 5618 9041 1987 2677 2642 2795 9993 5838 4780 4267 6540 4883 2822 4384 5348 4055 3267 9398 8307 1359 951 5793 4075 707 3217 8366 8340 4535 9414 2614 2601 257 9488 496 5783 1275 3121 5382 5833 2011 6957 946 4767 5542 3513 8274 4093 8751 4597 2705 5882 290 2219 3615 1511 4136 306 9468 4182 9492
100
758 6253 345 1359 4474 5458 1571 2263 1120 8688 1849 2644 3816 6950 341 8234 7098 3269 355 8793 5154 9854 1834 7659 6593 9335 3370 8323 8332 8462 3776 3136 5991 580 3395 8536 6433 8329 8475 5139 5277 4076 988 1658 7552 974 6228 123 8786 8764 3138 6346 283 9706 8222 2126 9912 6383 4630 6348 2050 9231 5405 1631 9449 280 7198 1977 3375 2473 5459 7459 1226 8045 463 9328 5636 8479 8320 8867 6283 3086 5724 6829 642 7319 509 5918 162 4342 1010 1246 9860 2626 6779 773 9785 5503 5945 3724
100
6344 6654 7555 6549 1509 5879 2631 4228 5300 4138 6040 1689 9714 9592 4736 6811 7511 3690 5366 1251 8682 2184 1600 1420 4045 4498 215 9269 5839 500 1418 6316 592 8765 8110 6392 6400 3221 6298 2437 6836 5771 5069 8595 4405 2312 30 2360 3711 5656 1224 4094 7830 1636 8497 6258 8373 5202 7139 6008 4995 460 1395 5581 6377 6609 4089 8902 8014 372 6933 3947 4584 6107 6034 8168 5557 7888 2060 919 9228 4253 1783 8579 4270 2288 1623 3488 7895 4102 9662 8033 9092 5648 244 3102 2020 6154 2569 5219
100
3705 7554 9345 2284 7420 2694 1538 4095 378 9545 2354 5909 5797 9697 5407 6370 5202 4208 4855 9270 7501 6581 5691 8499 8427 3567 5085 4633 6676 7567 1527 7508 1603 6833 2785 5298 7390 7451 3134 4971 1688 1906 3313 171 4360 33 4928 3429 8726 8476 5055 5263 3637 6313 9866 1465 2730 6598 7027 5010 2869 2098 4373 6033 4940 1596 5415 9413 2685 9770 1578 6270 2189 8966 3805 214 4827 1136 7919 2122 9181 960 6782 3822 6215 4325 8777 493 4735 794 2763 9974 3265 1524 3528 2778 9468 2174 1650 1235
100
165 5765 2082 8435 8017 4388 9065 1467 9627 6734 786 3476 4695 1859 5913 7453 6250 8198 4595 1031 5935 5295 3633 2136 2683 1965 5460 3913 9082 4120 3779 2851 2331 9214 6653 3963 5754 2061 5011 2855 1511 7372 8926 3835 1194 6810 4314 7405 4124 7202 9807 8237 7144 9977 5458 1053 6775 5396 267 880 9530 4876 9531 6239 8969 4073 4582 6479 7515 7859 2747 7957 5807 6916 9121 8087 268 412 1651 4911 1200 6249 6256 2004 5468 1454 554 3872 208 5856 9229 5078 7180 1007 9793 9871 9725 5991 4219 7454
10
13 1 10 2 7 3 6 11 12 5
100
9901 9902 9903 9904 9905 9906 9907 9908 9909 9910 9911 9912 9913 9914 9915 9916 9917 9918 9919 9920 9921 9922 9923 9924 9925 9926 9927 9928 9929 9930 9931 9932 9933 9934 9935 9936 9937 9938 9939 9940 9941 9942 9943 9944 9945 9946 9947 9948 9949 9950 9951 9952 9953 9954 9955 9956 9957 9958 9959 9960 9961 9962 9963 9964 9965 9966 9967 9968 9969 9970 9971 9972 9973 9974 9975 9976 9977 9978 9979 9980 9981 9982 9983 9984 9985 9986 9987 9988 9989 9990 9991 9992 9993 9994 9995 9996 9997 9998 9999 10000
1
0
0
