9
12 2 13 3 6 8 9 7 1
5
9 7 5 3 1
13
153 156 150 152 162 154 159 155 158 151 160 161 157
9
100 101 102 200 201 202 300 301 302
72
8167 2074 5952 4072 9979 8021 4284 4145 3736 1082 2268 6925 7111 3540 3230 3027 5298 8184 9179 2993 3772 6701 6593 2257 4293 5231 3280 4868 2451 6729 9558 7773 4089 7317 2390 6652 9626 5439 8615 8495 5149 8785 2357 1361 9827 3786 7062 8002 6725 4079 6808 1795 7872 6672 2463 3860 7479 1710 1845 8749 7210 695 6128 3157 3231 3519 6118 5579 9226 1848 316 3394
30
9523 8892 8643 9320 3048 7520 6906 5222 6966 4027 4227 199 8659 2916 6551 1936 1559 930 958 4406 3606 2642 9521 159 7183 4752 6668 5909 908 239
19
3167 9194 1113 5702 1273 481 6206 7414 3458 5346 2138 5313 546 1093 487 4814 1507 5214 9435
24
1618 7645 7181 1476 7165 2709 3132 1418 4737 4030 591 991 9373 5354 5059 9478 6138 9720 2115 8435 6508 2957 2670 7007
89
92 5930 210 6710 3936 4871 4327 3452 6165 8322 9518 9068 4960 957 4781 9224 5837 8938 9972 4338 6304 704 5756 7134 7122 6624 6535 1049 1589 7826 8630 111 4809 3093 1446 1812 6322 3285 4115 3717 7221 3851 792 8843 429 4964 3912 8068 42 3911 7935 9774 9035 2004 6765 8894 9238 2122 1931 4862 7121 1989 1261 4861 3482 4358 5049 9721 3447 657 731 2355 3061 4463 3771 6122 2892 7870 6367 5446 7717 1352 3833 4651 1523 2780 6428 1828 7916
72
3561 6927 3548 3231 3552 6932 3545 3051 3028 3031 3042 3052 3049 3036 3555 3038 3040 3559 3043 3560 3029 3556 3034 3541 3543 3566 3230 3542 6934 3544 3554 6929 3568 3047 3050 3044 3048 6925 3551 6931 2268 3558 3547 3032 3035 3550 3053 3041 3567 3553 3033 3569 3546 2269 3030 3540 3557 3564 3549 3027 3565 7111 3045 3563 3562 3039 3037 6926 6933 3046 6930 6928
25
6668 4752 4753 5911 4754 7183 7184 6672 7188 6673 7186 7187 5910 7189 5912 6674 7185 4756 6671 6670 4757 5913 5909 6669 4755
89
5379 9499 5389 5060 9481 5370 5365 5355 9497 9502 9501 9503 9478 9482 9722 5397 5399 5394 5361 5382 5362 5373 9483 5383 9492 5369 9490 9485 9495 9504 9487 5380 9488 5392 5377 5386 5395 5359 5384 9500 9720 5354 9374 9491 9484 9480 5061 5357 5374 9498 9724 9376 5366 5363 9496 9375 9479 9493 5372 5393 5387 5376 5388 5391 5368 5062 9494 9373 5381 9725 5385 5396 5059 5063 5358 5371 9489 5367 5356 5364 6138 9721 9486 9723 5390 5398 5360 5375 5378
78
2780 1573 1567 1555 1533 1531 1582 1536 1594 1552 1584 1575 1549 1551 1581 1591 1553 1564 1542 1585 1558 1561 1529 1565 1525 1590 1523 1580 1524 1596 1588 1537 1570 1527 1556 1559 1528 1532 1530 1593 1595 1539 2782 1535 1560 1577 1526 1550 1547 1579 1574 1578 1546 1557 1583 1572 1576 1589 1548 2781 1534 1562 1544 1563 1541 1540 1538 1545 1568 1587 2783 1554 1566 1569 1543 1571 1592 1586
44
5297 5295 5307 5313 3409 5291 5311 3410 5306 5285 5309 3411 5287 5280 5310 7068 5299 5279 5312 7069 5296 7067 5308 5305 5303 5289 5314 5288 5290 5302 5304 5278 5281 5292 5301 5284 5283 5298 5286 5300 5293 5294 5282 5315
100
3736 3751 3744 3743 3805 3750 3739 4289 3771 4288 3749 3752 3803 3774 3738 4154 3778 3755 4291 3762 3758 3801 4294 3793 4145 3766 3794 4290 3748 3784 3786 3796 3754 3765 4284 3760 3745 4293 3756 3804 3742 3783 3782 3768 4148 3802 3770 3797 4146 4149 3767 4292 3773 3747 4296 4151 4152 3763 4153 8021 3806 4286 3746 3792 3779 4295 3741 3798 4287 4157 4297 3759 3799 3772 3764 3789 3795 3757 3740 3737 3753 3787 3769 3777 3776 4156 4285 3761 4147 3790 4150 3788 3785 3791 4155 3780 3800 3775 3781 3807
100
7423 7452 7430 7482 7497 7504 7476 7472 7450 7501 7451 7416 7428 7437 7445 7483 7441 7460 7454 7502 7496 7453 7498 7425 7429 7464 7489 7485 7495 7500 7490 7484 7427 7499 7447 7492 7462 7418 7508 7420 7415 7449 7440 7456 7432 7419 7422 7474 7506 7421 7417 7446 6210 7463 7468 7487 7431 7443 7486 7491 7458 7424 7461 7457 7448 7479 7426 7459 7478 7444 7435 7436 7470 7494 7467 7434 7473 7471 6207 7475 6208 7469 7455 6209 7433 7414 7481 7507 7438 7439 7488 7480 7465 7503 7477 7505 7466 7493 6206 7442
100
3065 3096 7880 4466 2895 2910 4474 7872 3095 3066 3099 4473 4470 4472 4476 3097 2908 4468 3085 2904 7884 3070 3081 3077 3073 3086 4475 3079 3075 2899 3088 2898 3083 2893 4463 7878 7871 6123 4464 3772 2900 2907 3074 7873 7870 7876 3090 7877 3100 2897 3064 3094 3061 2892 2894 6124 3084 7875 3082 3091 4465 3093 3087 4469 7886 2909 3067 2902 7881 3063 3771 7874 3068 3078 3069 6127 3098 3072 2905 7882 6122 7885 4467 6125 7883 7887 2903 3062 2896 3092 4471 6128 3080 2906 2901 7879 6126 3076 3089 3071
100
8270 8249 8235 7353 8239 8286 7347 5760 8277 7359 8238 5755 8278 7342 8271 8226 8284 8229 7352 8268 5754 8223 8285 8233 5758 8257 8236 8253 8281 8237 8279 8250 7345 7348 8234 7351 5759 8243 7362 8280 8245 8273 7355 8258 8260 7337 8252 8276 7358 7341 8230 8274 7363 8283 8262 7350 8263 8232 5753 7360 7340 8240 8265 8247 7343 8254 8225 7356 5757 8251 8282 7339 5752 7338 8248 8246 7361 8241 8255 8264 7354 7349 8266 8256 8267 7346 5756 8261 7357 8242 8231 8227 8272 8259 8269 7344 8228 8275 8244 8224
100
610 591 661 616 649 659 638 667 589 609 584 646 617 611 668 578 637 656 588 618 593 653 636 614 624 625 658 626 596 641 598 590 608 639 640 619 580 615 673 579 585 592 635 644 627 669 657 594 606 642 631 674 647 621 651 597 612 595 623 605 648 602 633 622 645 634 586 630 577 587 665 604 583 601 607 600 650 660 670 575 581 671 628 643 632 629 666 620 663 672 582 654 576 599 655 603 613 664 662 652
100
3910 8167 2074 5952 4072 9979 8021 4284 4145 3736 1082 2268 6925 7111 3540 3230 3027 5298 8184 9179 2993 3772 6701 6593 2257 4293 5231 3280 4868 2451 6729 9558 7773 4089 7317 2390 6652 9626 5439 8615 8495 5149 8785 2357 1361 9827 3786 7062 8002 6725 4079 6808 1795 7872 6672 2463 3860 7479 1710 1845 8749 7210 695 6128 3157 3231 3519 6118 5579 9226 1848 316 3394 2460 9523 8892 8643 9320 3048 7520 6906 5222 6966 4027 4227 199 8659 2916 6551 1936 1559 930 958 4406 3606 2642 9521 159 7183 4752
100
6668 5909 908 239 7057 3167 9194 1113 5702 1273 481 6206 7414 3458 5346 2138 5313 546 1093 487 4814 1507 5214 9435 3390 1618 7645 7181 1476 7165 2709 3132 1418 4737 4030 591 991 9373 5354 5059 9478 6138 9720 2115 8435 6508 2957 2670 7007 6012 92 5930 210 6710 3936 4871 4327 3452 6165 8322 9518 9068 4960 957 4781 9224 5837 8938 9972 4338 6304 704 5756 7134 7122 6624 6535 1049 1589 7826 8630 111 4809 3093 1446 1812 6322 3285 4115 3717 7221 3851 792 8843 429 4964 3912 8068 42 3911
100
7935 9774 9035 2004 6765 8894 9238 2122 1931 4862 7121 1989 1261 4861 3482 4358 5049 9721 3447 657 731 2355 3061 4463 3771 6122 2892 7870 6367 5446 7717 1352 3833 4651 1523 2780 6428 1828 7916 666 7139 5080 3479 3562 6083 8258 5818 1434 127 1128 9327 4828 5745 176 5939 3925 9571 5756 9080 8871 2536 2643 4942 191 518 3467 2759 8693 8594 8991 7962 9503 9294 2885 4345 6056 8030 7984 9630 7796 7186 9285 4447 2903 6014 7088 2697 1540 6766 9565 3122 3657 5560 886 2341 5402 3453 4699 8422 9743
100
7376 669 1425 5585 5095 3018 743 9550 4696 5439 4622 6821 7957 2475 201 5278 3409 7067 7666 2729 8312 9870 7988 27 9697 98 9627 9145 5752 7337 8223 951 2297 2694 8508 3237 7364 305 3336 6104 529 1277 3024 9859 6212 4084 9232 4825 1307 9920 3444 5248 8432 8273 5656 198 3958 1344 2409 4833 5052 64 3039 39 5898 483 4369 3597 7975 1579 6538 4082 2518 1252 3167 7747 1456 941 6183 8727 2060 7353 4278 6764 8819 7655 2191 7365 5547 1961 847 5297 6608 6372 8288 3004 4106 530 2438 7800
100
1058 7604 3213 9892 5442 946 1011 6441 4623 6781 3208 397 6319 4287 4681 3793 142 5927 859 9079 9693 1126 1738 4047 4696 6597 7216 9557 5869 2139 6488 5350 2674 575 3831 4828 3013 4415 3752 9610 6692 5021 3101 9510 4368 7887 6843 6958 4266 7203 4339 7874 5405 984 2602 2648 5863 7029 2007 4511 3731 1760 1242 5135 6948 3809 4272 1860 9731 5908 2193 3816 4977 7812 6937 1750 5020 1407 130 9607 1680 5216 7289 745 3721 1076 4265 2962 4827 3712 7392 1381 4088 3255 8619 4730 883 1916 3152 3943
10
13 1 10 2 7 3 6 11 12 5
100
9901 9902 9903 9904 9905 9906 9907 9908 9909 9910 9911 9912 9913 9914 9915 9916 9917 9918 9919 9920 9921 9922 9923 9924 9925 9926 9927 9928 9929 9930 9931 9932 9933 9934 9935 9936 9937 9938 9939 9940 9941 9942 9943 9944 9945 9946 9947 9948 9949 9950 9951 9952 9953 9954 9955 9956 9957 9958 9959 9960 9961 9962 9963 9964 9965 9966 9967 9968 9969 9970 9971 9972 9973 9974 9975 9976 9977 9978 9979 9980 9981 9982 9983 9984 9985 9986 9987 9988 9989 9990 9991 9992 9993 9994 9995 9996 9997 9998 9999 10000
1
0
0
